-1
-1.03527
-1.20322
-0.702124
-0.900251
-1.15309
-0.968729
-0.90261
-0.835787
-1.08759
-1.08944
-1.0419
-0.916406
-1.01746
-1.14275
-0.891405
-1.10377
-0.979554
-1.07107
-0.939409
-0.944486
-0.993859
-1.05348
-1.10469
-1.16674
-0.950136
-1.05526
-0.95426
-0.926166
-0.723682
-0.721448
-0.653337
-0.339894
-0.394046
-0.344762
-0.47702
-0.600471
-0.340289
-0.167906
-0.43941
-0.136976
-0.350917
-0.0671202
0.127079
-0.0136365
-0.0472904
-0.181996
0.0257751
-0.378169
-0.25394
-0.180593
-0.0809029
0.150116
0.183279
-0.085348
0.208183
0.171263
-0.114555
-0.567578
-0.0605729
-0.216572
-0.403135
0.0171608
-0.424866
-0.160344
-0.189807
-0.0590047
0.216054
-0.656365
-0.243335
0.111096
-0.454945
0.249187
-0.180212
0.0549002
0.0702143
-0.0543085
0.188691
0.379468
-0.390609
0.0637017
-0.07888
-0.0763105
-0.170396
0.313202
-0.138507
-0.488635
-0.10462
-0.0655354
-0.121499
-0.112974
0.189064
-0.00495452
0.240311
0.0771054
-0.356829
0.202585
0.000728607
0.0988441
-0.21888
0.0363773
0.0676838
-0.121304
-0.364873
0.224497
0.0598643
-0.281789
0.260912
-0.114313
-0.146362
0.00275898
0.407366
0.141716
0.0193777
0.461508
-0.324437
-0.263751
0.132329
-0.326586
0.0459031
0.21179
-0.188307
-0.0195962
0.281145
0.189313
-0.316504
0.0582271
-0.267816
-0.0549236
0.352363
0.0125347
-0.205703
-0.0859464
-0.0607466
-0.196855
0.274952
-0.109728
-0.0867707
-0.348081
-0.440579
0.0207348
0.28299
-0.00123757
-0.124033
0.265005
0.408121
0.117432
0.0990508
0.00308299
0.208569
-0.0112602
0.25084
-0.11044
0.0708575
0.140815
0.225859
0.219082
-0.105487
-0.749458
0.189068
0.254037
-0.0248801
-0.59458
-0.153223
0.15626
0.113386
-0.0106187
-0.286733
0.171736
-0.55951
0.0644362
0.182647
0.369694
0.128188
-0.459489
0.0673434
-0.11214
-0.0232447
0.179969
0.0904878
0.284186
0.0539608
0.00191832
0.849836
0.00175881
0.617815
-0.200981
0.501639
0.451975
-0.101758
0.961875
-0.11479
-0.234145
0.683125
0.638748
-0.0721045
-0.331409
0.190249
-0.0468879
0.342988
-0.214793
0.0775969
0.254775
-0.395912
0.0398797
0.222987
-0.249281
0.0822239
0.0180292
0.152801
-0.270566
0.321559
-0.225855
0.141419
-0.0143823
0.223316
-0.109863
0.365193
-0.170557
0.478406
-0.11271
-0.333375
0.457615
-0.165121
-0.423356
-0.112386
0.0157006
-0.233272
-0.201803
0.194595
-0.314774
-0.0770499
-0.099889
-0.244657
0.326668
0.186824
-0.173278
0.128112
0.234503
0.301174
0.0382906
-0.00640184
0.0988508
0.199315
-0.145524
0.171398
0.297847
0.24567
-0.137834
-0.0220826
-0.00770533
0.00661755
-0.404583
0.123162
-0.0202888
0.170774
-0.233712
-0.571199
-0.682682
-0.367124
-0.16358
-0.420662
-0.464956
-0.190375
-0.339989
-0.522972
-0.637193
-0.588246
-0.443926
-0.254853
-0.524379
-0.215055
-0.468778
0.0279605
-0.396137
0.246784
-0.0780233
-0.0240724
-0.0396211
-0.0487459
0.0923691
0.0162473
-0.476884
0.00696754
-0.693338
-0.280095
-0.120847
0.0751038
0.161057
-0.0341056
-0.240776
-0.503217
0.238971
0.0404718
-0.66878
-0.23315
-0.592584
-0.126153
-0.38736
-0.51938
0.113873
-0.496308
-0.431507
-0.242359
-0.519092
-0.222682
-0.172916
-0.367678
-0.0678323
-0.261931
-0.282705
-0.501501
-0.431917
-0.334676
-0.228792
-0.207006
-0.556857
-0.459996
-0.400854
-0.226252
-0.272343
-0.514208
-0.376267
-0.530534
-0.20693
-0.15817
-0.173955
-0.389813
-0.537119
-0.536883
-0.585712
0.087523
-0.206758
-0.286117
-0.363519
-0.523477
-0.306533
-0.325975
-0.160644
-0.232177
-0.216987
-0.0625561
-0.402547
-0.0772405
-0.298673
-0.024322
-0.140824
-0.180035
0.00800848
-0.0306203
