-1
-1.00062
-0.981265
-1.03192
-1.05596
-0.988425
-1.04766
-0.964791
-0.948455
-1.06538
-1.00145
-0.972553
-0.936774
-0.909024
-0.996456
-0.980941
-0.866131
-1.04115
-1.08806
-0.971579
-0.969243
-1.03879
-0.93983
-0.888631
-0.81771
-0.759403
-0.636876
-0.623412
-0.666985
-0.493164
-0.234918
-0.630609
-0.0512058
0.0144123
-0.365274
-0.301688
-0.0748925
-0.123356
-0.095309
-0.229756
-0.424874
0.0103567
-0.139543
-0.0230749
-0.119258
-0.127279
-0.251935
-0.338378
-0.428817
-0.066949
0.0581877
-0.129928
0.0668013
-0.0511845
0.199774
0.265336
-0.0618572
-0.188879
-0.14648
0.0401367
0.438618
-0.0281993
-0.0462192
-0.00375742
0.279752
0.223477
0.0755588
-0.0749936
0.263012
0.200423
0.0302284
-0.126211
0.321787
0.2491
0.321734
0.00033915
0.0763458
0.50344
0.175563
-0.439345
-0.209409
0.0582025
-0.182752
0.121722
0.124554
0.127564
-0.0100232
0.13559
0.128776
0.0255119
-0.342548
-0.0484821
-0.298758
-0.330313
-0.0702725
-0.127507
-0.0217847
0.177982
-0.101792
-0.32495
-0.00849611
-0.0911753
-0.174632
-0.104791
-0.0391002
-0.168516
0.174428
-0.0349961
-0.125248
-0.415709
0.234029
0.0793988
0.248856
-0.304541
0.139262
-0.0467173
0.356145
0.024175
0.0798297
0.510129
0.255131
0.100623
0.30274
0.0659858
-0.142614
0.13596
-0.00871813
-0.261007
-0.0162762
0.0636454
-0.00318092
-0.149296
-0.134607
-0.156401
-0.00116044
-0.23677
0.135163
0.350295
0.479782
0.401724
0.209701
0.602612
-0.581682
0.259188
0.151785
0.0271169
-0.0209489
0.028088
-0.0640407
-0.323657
0.179298
0.170657
-0.110194
0.175392
-0.159995
-0.0456914
-0.0487247
-0.363749
-0.305407
-0.183237
-0.353956
-0.129509
-0.16636
0.246708
-0.180719
0.291288
-0.189272
-0.150775
-0.114969
-0.24052
-0.213479
-0.0632601
-0.225455
-0.400305
0.0175642
0.196256
0.211401
0.045848
-0.106174
0.0630625
0.296641
-0.114563
0.121504
0.246848
0.0545071
-0.159039
-0.414137
-0.456479
0.184518
-0.193112
-0.161546
-0.202962
-0.04286
-0.202583
-0.249039
-0.0591729
-0.103972
0.00263166
-0.458188
-0.098905
-0.0856362
-0.358607
0.251351
-0.229675
-0.375058
0.00731361
-0.01966
-0.545025
-0.456404
-0.125586
-0.0258725
-0.272504
-0.121537
0.2289
0.0573314
-0.00404185
0.152733
0.421123
-0.329309
-0.0159721
0.0454378
0.383963
-0.216144
0.115243
-0.0645231
0.0610571
-0.133565
-0.431751
-0.310498
-0.055849
0.0101399
0.479564
-0.0370592
-0.248813
0.135688
0.0898145
0.05424
0.046231
0.201659
0.292596
0.279435
-0.0246465
-0.408003
-0.446026
-0.35347
-0.381398
-0.57272
-0.359614
-0.343478
-0.479511
-0.56428
-0.505952
-0.543193
-0.34105
-0.525236
-0.564452
-0.324638
-0.535166
-0.422787
-0.397337
-0.524143
-0.358918
-0.320709
-0.324517
-0.390334
-0.353354
-0.492003
-0.222802
-0.233011
-0.316664
-0.53226
-0.19363
-0.392815
-0.0419652
-0.211986
-0.464256
0.260669
0.0825802
-0.158345
-0.0471365
-0.0346524
0.354077
0.114399
0.017123
0.103435
