-1
-0.897694
-1.10408
-0.963715
-1.00894
-0.94263
-0.968611
-1.06328
-1.12629
-1.01861
-0.98661
-1.07586
-0.886525
-1.04118
-0.846345
-1.00498
-1.00626
-0.992426
-0.99563
-1.03821
-0.880185
-1.08736
-1.07602
-1.08538
-1.06741
-1.10994
-0.84725
-0.87281
-0.914725
-1.04514
-0.824981
-0.681458
-0.434522
-0.473663
-0.666744
-0.48637
-0.707135
-0.647928
-0.911196
-0.313275
-0.371296
-0.486459
-0.39225
-0.499143
-0.448935
-0.267463
-0.63357
-0.608454
-0.538197
-0.424377
-0.459413
-0.293981
-0.479754
-0.429931
-0.526178
-0.312766
0.0516886
-0.326173
-0.564071
-0.225513
-0.0951054
-0.559329
-0.293448
-0.526566
-0.341303
-0.26713
-0.498099
-0.459805
-0.269355
-0.322831
-0.429022
-0.131327
-0.126341
-0.446675
-0.359426
-0.411255
-0.224146
-0.151993
-0.386912
-0.272964
-0.14684
-0.212275
-0.421583
-0.287123
-0.490593
-0.176061
-0.0244887
-0.420881
-0.229979
0.0497067
-0.0198706
-0.428292
-0.24357
0.0286067
-0.523485
-0.247219
-0.0751257
-0.312429
-0.150911
-0.416534
-0.187407
0.20836
-0.191838
0.271131
0.381157
-0.119527
-0.172173
-0.201409
0.118332
-0.088851
0.27357
-0.057316
-0.0290377
0.564565
-0.240051
-0.637689
0.206927
0.099182
0.141577
-0.548162
-0.212378
-0.240986
0.18092
0.0393646
-0.153994
0.223512
-0.0879381
-0.0750962
0.605271
0.229709
-0.576854
0.410542
0.130625
0.341812
0.251166
-0.263189
-0.0484123
-0.251217
0.327229
-0.0402679
-0.173066
0.0781898
-0.421307
0.662842
-0.335754
0.502467
0.298437
0.565708
0.56874
-0.297798
0.501392
0.471235
0.250224
0.410654
-0.226581
0.187538
0.0964913
0.942551
0.236334
0.734575
0.182357
0.567853
0.192634
-0.152216
0.4215
0.864152
-0.360671
-0.154599
0.602094
0.755816
0.232951
0.166214
0.632989
0.346944
0.025658
0.65778
0.109357
0.238453
0.215862
-0.0548493
0.577523
0.344266
0.486352
0.754008
0.366227
1.18706
0.157253
0.60338
0.278657
0.500098
0.583092
0.564982
0.456735
-0.132326
0.615682
0.104612
-0.725066
0.614095
0.00116765
0.506029
0.726019
0.370372
0.834907
0.301329
0.878881
0.328493
0.943252
0.926768
0.771391
0.897793
0.935091
-0.0999436
0.890901
0.186443
0.0281864
-0.0854362
0.603729
0.17156
0.648159
0.888938
0.645109
0.538747
0.270138
0.340819
0.0775642
0.297298
0.417314
0.552526
0.895472
0.0652364
0.278054
0.782493
0.479011
0.60172
0.331998
-0.212319
0.259787
0.756318
0.600443
0.234474
0.472727
0.293183
1.09849
0.658064
0.424929
0.382293
0.135116
0.510809
-0.470027
-0.131205
-0.0364485
0.0732995
0.0478547
0.417656
0.145188
0.198002
0.963342
0.337126
-0.0545785
0.209243
0.223894
-0.521071
-0.125839
-0.0371714
-0.365406
-0.0191991
-0.0830377
0.194433
-0.0699468
0.267289
-0.482557
-0.707683
-0.177872
-0.0447574
0.18907
-0.273981
0.0308375
0.586099
0.333796
0.186233
0.286909
0.05662
0.0907497
0.0975919
-0.0955293
0.152801
0.0593952
-0.466507
-0.589228
-0.0622192
-0.0323644
-0.0979578
-0.201232
-0.710254
-0.384937
-0.2183
-0.401811
-0.0953127
-0.437667
-0.568917
-0.275971
-0.66852
-0.600069
-0.207314
-0.208043
-0.301472
-0.610326
-0.310136
-0.227372
-0.483183
-0.295381
-0.376304
-0.36091
-0.389636
-0.388737
-0.250045
-0.507594
-0.703264
-0.446799
-0.419856
-0.505564
-0.534324
-0.837359
-0.399524
-0.38052
-0.783283
-0.194609
-0.119067
-0.299001
-0.115558
0.0978777
0.153038
0.123302
-0.322251
0.0925554
-0.356423
0.156196
-0.0573879
-0.489186
-0.0830095
-0.150891
-0.105439
-0.200337
-0.181876
-0.365814
-0.117203
-0.589483
0.0097574
-0.0940493
-0.153965
0.017179
-0.346474
-0.0961268
-0.239064
-0.0688443
0.367582
-0.0323925
0.514234
-0.0678553
0.164997
-0.0348839
-0.303828
0.0573316
0.200857
0.0248396
-0.0423265
0.373831
-0.185979
0.0809467
-0.460588
-0.220209
-0.109743
0.175346
0.115549
-0.10363
-0.195952
-0.300787
-0.270554
-0.188144
0.0634818
