-1
-1.01751
-1.08454
-0.997438
-0.946579
-1.10631
-1.00815
-1.07168
-1.064
-1.26498
-1.02275
-1.14976
-0.892455
-0.903389
-0.922037
-1.04458
-0.84834
-1.21404
-1.02121
-0.892006
-0.953854
-0.970866
-0.806281
-1.13373
-1.05965
-0.866729
-0.793173
-0.779402
-0.581803
-0.858384
-0.654185
-0.581706
-0.563838
-0.456785
-0.631205
-0.422063
-0.516093
-0.45473
-0.382763
-0.557537
-0.642268
-0.219995
-0.495405
-0.476109
-0.50042
-0.281065
-0.413403
-0.590097
-0.182795
-0.334494
-0.494508
-0.333271
-0.227385
-0.19391
-0.173368
-0.0595141
-0.305301
-0.347361
-0.317495
-0.205371
-0.0630532
-0.44613
-0.134886
-0.297616
-0.305109
-0.158849
-0.1998
-0.203545
-0.249974
-0.181441
-0.0972025
-0.288726
-0.308474
-0.0150079
-0.18503
-0.189529
-0.102847
-0.37004
0.235993
-0.242922
-0.103133
-0.000552893
-0.179793
-0.174606
-0.0574563
-0.0644439
-0.180786
-0.0236909
-0.0573866
-0.0254555
-0.0471732
0.0335937
-0.0689721
-0.0553331
0.121377
-0.0749788
-0.0777456
0.0111532
0.00399244
-0.0705438
0.0183425
-0.237811
0.037219
0.142136
0.158559
0.0729532
0.0996387
-0.0110655
-0.0781618
-0.133816
0.238027
-0.158893
0.34797
0.180501
0.213087
0.165877
0.179884
0.283824
0.033114
0.319517
0.31286
0.501792
-0.0748659
0.284043
0.122844
0.120899
0.25704
0.348171
0.187534
0.310756
0.258075
0.0912297
0.253238
-0.000641048
0.335044
0.0717152
0.62304
-0.176836
0.00247777
0.317964
0.1551
0.00374854
-0.252707
-0.127262
0.180681
0.264916
0.23704
0.165691
0.322926
0.127738
0.121221
-0.0751568
0.189628
0.331957
0.31833
0.121161
0.0774961
0.0875725
0.0334119
-0.120046
-0.119053
-0.12745
0.167809
-0.0343215
-0.365929
0.125693
0.123374
0.0801451
-0.0209037
0.0741564
0.101368
0.0977634
0.163697
0.00566995
-0.294837
-0.153954
-0.00948578
0.183469
0.136439
-0.015559
-0.00517088
-0.0164982
0.0525779
0.00610197
0.0742121
0.245349
0.0219909
0.242428
-0.0759749
0.112021
0.0480303
0.294115
0.0351273
-0.00375545
0.12218
0.0492507
0.0491962
-0.140286
0.0661974
0.004987
-0.0802233
0.143632
-0.0315281
-0.305844
0.0152504
-0.422339
-0.130059
-0.0404425
-0.0589119
-0.180806
-0.247099
0.193358
-0.137242
-0.342861
0.048188
-0.119132
-0.130816
0.12544
-0.1746
-0.00497597
0.0319064
-0.185525
-0.0626661
-0.133159
0.0814179
0.0158253
0.181102
-0.200029
0.154633
0.203834
0.0390527
0.26209
0.220583
0.247796
-0.303643
-0.0571432
-0.0121331
-0.0873482
-0.151514
-0.0630485
-0.00172603
-0.0600188
-0.306601
-0.0712114
-0.089435
-0.111866
-0.054694
-0.122343
0.161876
0.306573
0.287951
0.382062
0.17024
0.234148
0.195337
0.0962716
0.0576459
0.20856
0.229183
0.0849327
0.140068
-0.12618
0.17408
-0.0805289
-0.00725669
0.0145022
-0.0426227
-0.167799
-0.329361
-0.183042
0.00105214
-0.116185
-0.124835
-0.0688143
-0.237871
0.16671
-0.129593
0.0823038
-0.175722
-0.293486
0.0164729
-0.24264
0.325963
-0.0495477
-0.0893388
-0.077146
-0.0660192
-0.128224
0.0184464
0.265413
0.0980587
0.121013
0.0994823
0.0606613
-0.119138
-0.100103
0.0694838
-0.0824356
-0.179332
-0.595161
-0.173109
-0.612353
-0.604179
-0.262943
-0.416608
-0.284221
-0.176792
-0.394043
-0.475374
-0.464844
-0.456351
-0.507516
-0.336164
-0.524226
-0.4224
-0.317772
-0.407162
-0.335381
-0.180613
-0.289117
-0.250245
-0.344519
-0.434117
-0.506044
-0.186553
-0.466849
-0.311375
-0.247938
-0.395197
-0.439159
-0.276178
-0.0293402
-0.34219
-0.155551
