-1
-1
-1.26523
-0.88993
-0.916536
-0.877755
-1.11211
-1.09601
-1.0578
-1.06431
-0.908053
-0.796714
-1.07041
-0.925718
-1.13159
-0.913427
-0.816797
-1.09857
-0.968033
-0.991124
-1.09336
-0.854814
-0.746685
-0.820768
-0.773592
-0.616437
-0.718842
-0.581519
-0.295628
-0.650315
-0.276057
0.0090034
-0.145377
-0.369317
-0.325142
-0.0784668
-0.0160879
-0.118129
0.0565627
-0.402995
-0.113445
-0.156125
-0.0327554
0.103479
-0.137461
-0.14225
0.0619527
0.20348
-0.232777
0.0119774
0.265803
-0.10323
0.252252
0.26423
0.147574
0.0681087
0.102326
0.302311
0.193763
0.150627
0.0519074
-0.00733638
-0.108465
0.0863333
-0.0280941
-0.12818
-0.146966
-0.251857
0.263019
-0.219393
-0.210325
-0.147866
0.130051
0.134496
-0.180341
0.0176808
0.187219
0.115887
-0.135738
-0.242774
-0.130402
-0.0988725
0.0440804
0.244977
0.217005
0.145169
-0.0375616
-0.0610578
0.219925
0.178305
0.158114
0.0989805
-0.0528412
-0.165891
-0.0376113
-0.242894
-0.197515
0.00373578
-0.00970763
-0.102048
-0.0721091
0.383229
-0.112093
0.0869489
0.274349
0.0449455
-0.052712
0.112596
0.0575521
0.421777
0.0357037
0.486838
0.0223123
0.169958
0.34751
0.00677526
0.0982569
-0.107894
-0.0344467
0.128607
0.127931
0.029603
0.0476606
0.128254
-0.0853184
-0.052365
-0.0985966
-0.0634637
0.00080204
-0.319016
-0.212355
0.0876819
-0.196809
-0.00682175
-0.204255
-0.170352
-0.0300509
0.0593284
0.0424988
0.152869
-0.249183
-0.0869869
-0.274023
0.202944
-0.13049
0.12509
-0.110955
-0.130008
-0.211549
-0.635079
-0.0708899
-0.319925
-0.38679
-0.398877
-0.605166
-0.436468
-0.0760149
-0.369787
-0.321793
-0.365272
-0.13159
-0.175673
-0.361575
-0.279415
-0.51378
-0.15762
-0.315994
-0.057969
0.0139338
-0.0301142
-0.265005
-0.254948
-0.178491
-0.307862
0.0656986
-0.183808
-0.188456
0.115534
-0.152945
-0.363104
0.108572
-0.252748
-0.00545883
-0.0938244
0.107674
-0.372645
-0.170399
-0.309867
-0.0274004
-0.0645902
-0.0148149
0.0914739
-0.26835
-0.0593517
-0.00543416
-0.0197731
0.102033
0.198534
0.0173576
0.126005
-0.159702
0.139188
-0.23497
0.00799394
0.0436833
-0.0199103
-0.314854
-0.0649526
0.0761166
-0.172069
-0.069063
0.113039
-0.195817
-0.229104
-0.346424
-0.303799
-0.160994
-0.133773
-0.144823
-0.234296
-0.422065
-0.211706
-0.312026
-0.226018
-0.0999149
-0.100185
-0.271303
-0.361614
0.0145314
-0.203867
-0.143091
-0.0353895
0.0663978
-0.0595943
-0.0297901
-0.272531
0.0402751
-0.24957
-0.101391
0.0721402
0.233499
0.0365437
0.192882
0.0264806
0.111693
0.248708
0.0552931
0.164645
-0.294431
0.00106919
-0.372344
-0.322668
-0.441462
-0.758371
-0.453053
-0.940798
-0.719362
-1.0596
-1.01676
-1.00346
-1.09159
-0.823458
-0.813387
-0.904928
-0.972325
-0.688908
-0.895207
-0.970641
-0.528959
-0.866311
-0.635049
-0.611643
-0.461469
-0.42192
-0.345531
-0.172304
-0.228678
-0.491734
-0.182671
-0.309647
0.0300106
-0.272124
0.332572
-0.107468
0.220513
