-1
-0.942196
-0.96775
-0.972219
-1.04935
-0.991163
-1.06679
-0.999308
-0.672607
-1.0106
-1.1538
-1.07332
-1.12458
-1.11466
-1.1562
-0.82153
-0.931217
-0.922112
-0.75178
-0.89935
-0.786844
-0.491808
-0.575328
-0.557502
-0.565154
-0.458103
-0.405215
-0.397459
0.519437
0.0923378
-0.176171
-0.163344
-0.318565
0.416878
0.160462
0.152976
0.142846
-0.27717
-0.154294
0.403352
0.0871303
0.296902
-0.23725
-0.253723
-0.0973588
0.265388
0.118186
0.141026
0.251983
-0.137808
-0.326511
-0.252006
0.339492
-0.283586
-0.182385
-0.199811
-0.0371346
-0.271495
-0.183025
-0.200846
-0.180161
0.249833
-0.246906
-0.313676
-0.598639
0.00201166
-0.243424
-0.459459
-0.0684878
0.270303
0.0702167
0.390526
0.356479
-0.0333924
0.0509025
-0.038439
-0.0955023
-0.211106
0.179335
0.280394
0.0313146
0.108713
0.108945
-0.08265
-0.0835567
-0.312726
-0.159648
-0.110847
-0.277728
-0.381428
-0.190016
0.364663
-0.522368
-0.0716963
-0.275388
-0.207554
0.0503938
0.546182
-0.0401788
0.100164
-0.485238
0.0594622
-0.0334787
0.352679
0.0715312
-0.0497672
0.265349
0.821625
-0.217276
0.11346
-0.0823969
0.70037
0.365362
0.462808
0.656471
0.241321
-0.0896488
0.14736
-0.416098
0.000994325
-0.0881017
-0.2742
-0.553085
-0.292211
-0.229004
-0.335767
-0.27902
0.00660861
-0.00529706
-0.210998
-0.457962
-0.175763
-0.271843
-0.310577
-0.053854
-0.607613
-0.0949867
-0.49801
0.109802
-0.0798218
-0.0144498
0.347651
0.153801
0.23694
-0.449382
0.0700366
0.100837
-0.133836
-0.240793
0.044313
-0.00496471
-0.266688
-0.646964
-0.0931652
0.334109
-0.442099
-0.0657337
-0.184325
-0.579043
-0.134118
0.0401385
-0.195265
-0.00863117
0.0886749
-0.180113
-0.164231
0.0338222
-0.037407
-0.19128
0.242006
0.206477
-0.0285171
0.02001
-0.159518
0.219175
-0.317654
-0.525005
-0.769132
-0.473703
-0.53935
-0.538343
-0.51877
-0.366501
-0.663911
-0.235127
-0.535773
-0.388071
-0.428724
-0.394901
-0.568476
-0.37163
-0.441442
-0.739953
-0.353837
-0.376447
-0.54942
0.0195168
-0.121301
-0.394247
-0.623051
-0.294598
-0.286729
0.0542556
0.0415318
0.299763
-0.101002
0.214868
0.181832
-0.0602903
-0.617092
-0.512947
-0.595479
-0.734906
-0.219441
-0.558306
-0.406081
-0.342763
-0.387801
-0.312031
-0.231944
-0.122871
-0.0628784
-0.278942
0.409704
0.517695
0.342577
-0.104689
-0.0977436
-0.323656
-0.436291
-0.179727
-0.195363
-0.0870673
-0.578631
0.0788902
-0.101693
-0.369403
-0.115484
-0.205661
-0.00108999
-0.262931
-0.0810255
-0.403259
