-1
-0.973742
-1.04407
-0.910103
-1.08176
-0.950039
-1.02329
-1.04773
-0.828826
-1.00127
-0.919772
-0.967029
-0.835471
-1.14899
-1.02672
-0.781632
-1.05172
-1.01103
-1.02828
-1.01088
-0.824185
-0.748556
-0.815282
-0.487531
-0.810135
-0.797873
-0.433473
-0.53101
-0.518827
-0.345265
-0.278452
-0.388372
-0.447123
-0.261643
-0.40271
-0.164118
-0.254048
-0.180768
-0.260629
0.0123928
-0.155841
-0.330734
-0.369139
-0.154413
-0.073626
-0.309958
-0.189096
-0.0518243
0.0379857
-0.283584
0.020291
0.0855443
-0.151256
-0.0543022
0.0160645
-0.0365683
-0.0329879
0.0824142
-0.302771
-0.0839425
-0.186139
-0.192834
0.0281526
-0.118209
0.0216625
0.206628
-0.186869
-0.0774119
-0.00690353
0.00446904
-0.100471
-0.150816
0.0592005
-0.15428
0.00816393
-0.063714
-0.0798711
0.0107739
0.124588
0.0580353
-0.0376943
-0.088186
0.266701
0.132662
-0.234149
0.104637
-0.148766
0.00965667
0.0352186
0.124821
0.0802343
0.252448
0.200782
0.0240285
0.0775323
0.205347
0.234524
0.21348
0.124062
0.142063
0.162882
0.212383
0.232975
0.232427
-0.0612423
-0.129127
-0.185962
-0.0972563
0.126842
0.0492145
0.229003
-0.0390573
-0.0180512
0.108404
-0.0979967
0.0955628
0.0393444
0.153003
-0.0174193
-0.108084
0.0534046
0.257059
0.152308
0.0165923
0.179484
0.332012
-0.0256473
0.214932
0.21224
0.501263
0.316069
0.16982
-0.0518357
-0.00169313
0.0578789
0.061287
0.16106
-0.0492142
0.112851
-0.0568551
0.0968897
-0.0257022
-0.0473807
-0.0621422
-0.00488085
0.0244555
-0.280946
0.23791
-0.225961
0.076118
0.0624137
0.00258589
0.0146853
-0.165057
-0.0567319
0.0089066
0.032059
-0.0216925
-0.178318
-0.0614403
-0.167378
-0.393001
0.141699
-0.0717428
-0.0750149
-0.115439
-0.19258
-0.104581
-0.262533
-0.198832
-0.174407
-0.115945
-0.111497
0.09025
0.0319859
-0.102493
-0.0648854
0.0343192
-0.081501
-0.246278
-0.13703
-0.113229
-0.165115
-0.199801
-0.0766734
-0.313764
-0.109128
-0.243467
-0.0124186
-0.206106
-0.0960684
-0.0856307
-0.433492
0.189923
-0.182414
0.0632294
-0.118965
0.0236319
0.142662
0.0624958
0.219975
-0.132259
-0.0946667
-0.224663
0.254323
0.0903809
-0.123378
-0.133401
-0.194531
-0.14265
0.0360857
-0.0237172
-0.0708935
-0.156015
-0.261886
-0.18881
-0.291875
-0.262889
-0.395327
-0.110336
-0.0562597
0.0610987
-0.143104
-0.0871903
-0.0435793
-0.279855
-0.00949973
-0.112286
0.0445921
0.130263
0.231642
-0.0191803
0.246388
0.226332
0.0923686
0.0567783
-0.000801086
0.0469424
-0.290966
-0.0897911
-0.165038
0.00915074
-0.231855
-0.470361
-0.228678
-0.163791
-0.55836
-0.156964
-0.43558
-0.513506
-0.464836
-0.4579
-0.338048
-0.466935
-0.332724
-0.1539
-0.242487
-0.481332
-0.187115
-0.282737
-0.319757
-0.478115
-0.144239
-0.252501
-0.0984721
-0.407871
-0.216858
-0.107585
-0.19887
-0.086073
0.0956069
0.0292808
0.0482969
-0.323498
-0.158123
-0.168476
-0.0487355
-0.00164104
-0.180358
-0.298102
-0.217467
-0.296537
-0.419467
-0.246864
