-1
-0.893277
-0.945059
-0.950576
-1.10687
-1.00383
-1.01917
-0.879207
-0.895625
-0.912931
-0.917685
-0.98535
-1.09675
-1.01529
-0.961861
-0.867083
-1.03948
-1.03474
-1.11338
-1.12245
-0.976881
-1.04647
-1.02782
-1.10136
-1.06235
-0.918319
-0.864178
-0.999321
-0.651745
-0.715702
-0.777461
-0.651534
-0.541017
-0.500262
-0.492347
-0.426173
-0.353454
-0.377178
-0.418486
-0.0415221
-0.171261
-0.157905
-0.188857
-0.266217
-0.122175
-0.166113
-0.341529
-0.406422
-0.0671979
-0.317624
-0.245318
-0.168231
-0.0938051
-0.270061
-0.105212
-0.203162
-0.136352
-0.171322
-0.099291
-0.120242
0.0387399
-0.0098846
-0.175351
-0.183801
-0.083838
0.150211
-0.0852103
-0.0379544
-0.0301115
-0.0825665
-0.284369
-0.040174
-0.0502793
0.0527723
0.0526799
0.211307
0.104334
0.0338093
0.0593956
0.129633
-0.0243783
0.0745525
-0.0750007
-0.0362924
-0.00110149
-0.0121874
0.295272
0.0274183
0.0640711
0.00724435
0.0487517
0.213751
-0.0704485
-0.0548689
0.179669
0.0463872
0.0575169
0.134851
-0.0209097
0.149701
0.153951
0.186387
0.222532
-0.0590932
0.0751146
0.283492
0.173509
0.0250711
-0.0924448
0.135198
0.150536
0.111251
0.13798
0.113085
0.0194417
-0.0583632
-0.0287756
0.194523
0.202136
0.0663697
0.0261775
0.297822
0.0691715
0.174519
0.148734
0.0439801
0.199002
0.303585
0.300651
0.0895904
0.230097
0.386713
-0.077623
0.18671
0.0251676
0.1647
0.0338806
0.0691135
-0.0385909
-0.100743
0.173936
0.00506151
0.118432
0.21199
-0.0450378
-0.0719941
0.0332247
0.248201
0.0337776
0.0909013
0.257236
-0.0781997
0.202029
0.091604
-0.00394779
0.0116776
0.141378
0.0721674
0.00478184
-0.0213293
0.0312783
0.147105
0.0738921
0.0564692
-0.151182
0.147641
0.0644214
0.154497
-0.0435064
0.122538
-0.123492
-0.0994443
-0.0450542
-0.0581667
0.102119
0.213749
0.0351055
-0.0291281
-0.0258262
-0.129623
-0.107716
0.107184
0.357343
0.302678
0.0608196
-0.0581295
0.303379
0.189247
0.0306023
0.133245
0.342892
0.138362
0.121454
0.167709
-0.00772542
0.0940717
0.141471
-0.11079
-0.0119616
0.0802596
-0.0350164
-0.0904853
0.143422
0.0157015
0.0335178
-0.0546636
0.0214109
-0.0595748
-0.151962
-0.0468675
-0.0287296
-0.148375
-0.319859
-0.039144
-0.248246
0.029462
-0.132913
-0.105443
-0.267013
-0.178265
-0.0495679
-0.0653003
-0.0299981
-0.27606
-0.0456133
-0.322507
-0.0877107
-0.153805
-0.144288
-0.0717613
-0.0260924
0.00383413
-0.0130699
-0.211385
-0.0872698
0.0855111
-0.0130289
-0.0683966
0.0448979
0.353966
-0.156063
-0.077093
0.0922766
0.228954
-0.186055
0.0646296
0.13444
-0.107169
0.0860261
0.021149
0.24472
0.0704021
0.115805
0.112582
0.0292749
0.0219657
0.136311
-0.0827399
-0.126287
-0.167974
-0.304212
-0.493346
-0.483449
-0.679875
-0.544479
-0.529311
-0.583919
-0.585363
-0.645295
-0.557662
-0.667575
-0.632894
-0.729528
-0.605769
-0.627153
-0.78777
-0.628579
-0.586462
-0.516367
-0.478858
-0.446034
-0.660339
-0.49358
-0.504692
-0.380606
-0.362835
-0.362742
-0.327012
-0.440214
-0.484312
-0.285874
-0.375508
-0.2658
-0.265787
-0.467936
-0.401803
-0.400335
-0.368847
-0.208069
-0.324053
-0.305548
-0.436314
-0.290821
-0.22904
-0.181239
-0.159303
-0.232254
-0.175744
-0.396506
-0.267543
-0.177677
-0.377113
-0.183562
-0.123713
-0.296885
-0.0346706
-0.0871781
-0.141026
0.0330594
-0.104387
-0.224262
0.160244
0.208932
0.220237
0.230004
0.166417
0.204115
0.064074
-0.108445
-0.0341349
-0.14341
0.0656152
-0.204369
-0.249186
-0.48853
-0.252739
-0.162265
