-1
-0.838135
-0.914932
-0.930255
-1.05924
-0.976781
-1.1936
-1.02376
-1.10985
-0.949561
-0.686185
-0.863967
-0.932558
-1.17397
-1.0702
-1.0307
-0.957137
-1.02954
-1.07843
-1.19249
-1.00545
-1.1149
-0.740063
-0.890285
-0.780945
-0.806419
-0.499523
-0.604935
-0.575047
-0.451728
-0.324579
-0.307566
-0.326774
-0.244827
-0.361658
-0.334606
-0.211581
-0.129573
-0.670369
-0.398032
0.0467327
-0.280877
0.173149
-0.0309253
-0.364852
-0.130946
-0.0564868
0.118677
-0.287674
0.0607723
0.125427
0.0840985
-0.117569
-0.0413497
0.213517
-0.107683
-0.0760617
-0.418139
-0.162881
0.109239
-0.260977
-0.036216
-0.105765
-0.168165
-0.0963318
-0.112743
-0.282987
-0.181918
-0.133963
0.0277452
0.163099
0.045988
-0.274441
0.0771778
0.0305532
-0.0307117
0.0947753
0.0188878
0.174275
0.167971
-0.155178
0.0487047
0.0170925
0.144661
-0.192353
0.0254515
0.228193
-0.0452718
-0.0228254
0.0720525
0.102468
0.0250268
0.0904474
0.0571123
-0.0579992
0.0815598
-0.190175
0.0335605
0.141551
-0.187742
0.023379
-0.103009
-0.276198
-0.140703
0.0437143
0.0874432
-0.164375
0.254888
0.0567211
0.155412
-0.033718
0.308476
0.0231597
-0.101536
0.0846599
0.109446
-0.248507
-0.103975
-0.0700658
0.199259
-0.0918571
0.0594578
0.097912
0.215655
0.192382
-0.273937
0.0488604
0.00512731
-0.10662
0.0486034
-0.100461
-0.327674
-0.160176
-0.0243118
-0.311253
-0.264861
-0.2386
-0.131929
-0.26921
0.0155995
-0.226144
-0.0863582
-0.0890098
0.173105
-0.232717
-0.0531283
-0.014307
-0.0505591
0.0454632
0.382636
-0.0617192
0.129433
-0.113002
0.203283
-0.052919
-0.0804961
0.00736701
-0.0160674
0.246882
-0.159572
0.183534
-0.158206
-0.158781
-0.110881
-0.338158
-0.405637
0.18439
0.124355
-0.172193
-0.00727308
0.102418
0.00508296
0.0456598
0.157625
-0.121272
0.276648
-0.0633319
0.0929297
0.0624224
-0.0127748
0.00522947
0.291968
0.0768499
-0.0337383
0.0844269
-0.0779989
0.0627003
0.00103736
-0.303791
-0.292259
-0.302468
-0.110399
-0.289268
-0.132196
0.0510745
-0.437951
-0.213632
-0.233689
-0.286123
-0.297208
-0.28605
-0.249644
-0.129954
-0.111421
-0.0702884
-0.121441
-0.0713894
0.00922215
-0.0411415
0.191808
-0.0342346
-0.116087
0.0776982
-0.0899661
0.0295806
-0.0570408
0.0164354
0.0542713
-0.00517547
0.0434557
0.239286
0.158787
-0.0823607
-0.195531
-0.263857
-0.212638
0.0919236
-0.0799372
-0.423547
-0.299951
-0.433218
-0.296984
-0.292561
-0.325795
-0.148441
-0.00463045
-0.241243
-0.180704
-0.192437
-0.350045
-0.423172
-0.138821
-0.309342
-0.345316
-0.218153
-0.328595
-0.22538
-0.347678
-0.136549
-0.319943
-0.160447
-0.474328
-0.22181
-0.248881
-0.250535
0.0360774
-0.148215
-0.224156
-0.261849
-0.1635
-0.233793
-0.271377
-0.414229
-0.385527
-0.286342
-0.132864
-0.276867
-0.218032
-0.363131
