-1
-0.918788
-0.951254
-0.913918
-0.944145
-1.05509
-0.964859
-0.808804
-0.973102
-0.916046
-0.856931
-1.06768
-1.05636
-0.934274
-0.925309
-0.774698
-1.04692
-0.967088
-0.754385
-0.801335
-0.504804
-0.676184
-0.562755
-0.479322
-0.542234
-0.467328
-0.423129
-0.338976
-0.355661
-0.158956
-0.0189113
-0.199426
-0.129541
-0.323012
-0.269315
-0.00605011
-0.329235
0.0490868
-0.284805
-0.0924092
-0.012295
-0.0505421
0.0541943
0.0157279
0.0673574
-0.0137462
-0.000564516
0.191439
0.19067
-0.0307008
0.109931
0.0968747
-0.128888
-0.0460424
0.126881
-0.0457053
-0.0518628
-0.207533
-0.191748
-0.222284
-0.243502
-0.0407181
-0.109521
-0.186454
0.119798
-0.189652
0.165586
0.109717
-0.0851807
-0.0423405
-0.000650465
0.0105075
0.100018
-0.194265
-0.146013
0.103344
-0.186065
-0.229874
-0.017391
-0.154569
-0.104291
-0.214618
-0.204184
-0.111058
-0.196813
-0.118439
-0.185194
-0.0922441
-0.0483683
-0.0535586
0.084855
0.100502
0.129644
-0.000577986
0.124677
0.272352
0.125112
0.187537
0.00784481
0.124015
-0.0222782
-0.179268
-0.0988699
0.0904467
-0.000749946
0.234736
0.103705
0.250535
-0.149864
-0.00981724
0.171429
-0.00161898
0.0758847
0.184733
0.0453672
-0.0430416
-0.0868263
0.025493
-0.041553
0.0245655
-0.0995439
-0.0356392
-0.0348246
-0.122149
-0.00327635
0.0813887
0.0497695
-0.165696
0.0773578
0.00552475
0.108172
0.192356
0.143336
-0.211692
0.00458717
-0.238897
0.00231814
-0.22968
-0.248953
-0.314341
-0.110945
-0.023687
-0.185086
-0.214836
-0.27262
-0.131936
-0.275343
-0.242792
0.0305718
-0.213725
-0.0677739
0.0463374
-0.152589
-0.239248
0.117532
0.1596
-0.133393
-0.143283
0.116077
0.305176
-0.105925
-0.215332
-0.0687064
-0.0557512
-0.254701
-0.403357
-0.190053
0.0833789
-0.163047
-0.235354
-0.160288
-0.341449
-0.21763
-0.121451
0.072306
0.0336028
0.128956
0.180735
0.175954
0.226362
0.0462543
0.077544
-0.013424
0.04588
-0.232927
-0.172826
-0.294345
-0.479953
-0.291331
-0.457149
-0.409351
-0.471814
-0.251995
-0.378565
-0.467412
-0.570594
-0.0825613
-0.299829
-0.057343
-0.347212
-0.118596
-0.0489894
0.0368387
0.0938029
-0.1314
-0.0754017
-0.23912
-0.209876
-0.0838693
-0.150273
-0.311454
-0.411758
-0.0346968
-0.217127
-0.231078
-0.331458
-0.144216
-0.18526
-0.231004
-0.164299
0.124663
-0.0768694
0.294639
-0.0766315
0.000530601
-0.0226596
0.0983288
0.156182
-0.303109
-0.128659
-0.165713
-0.0233686
-0.0255469
0.0627241
-0.26221
-0.15807
0.336402
0.27001
0.436453
0.566565
0.391968
