-1
-1
-0.969063
-0.842211
-1.14485
-1.05627
-1.00412
-0.910088
-1.00647
-1.08597
-0.917591
-0.844711
-1.10895
-0.954707
-1.01937
-1.00853
-0.915341
-1.14223
-0.960591
-1.08009
-1.06448
-1.15674
-0.989521
-0.921587
-0.863317
-0.951105
-0.733121
-0.599891
-0.812283
-0.353451
-0.277286
-0.398937
-0.528612
-0.105088
-0.377384
-0.25821
-0.371602
-0.297511
-0.201213
-0.394469
-0.065937
0.0760953
-0.0476428
-0.00158924
0.0847491
-0.0273795
-0.261393
0.145964
0.391053
0.350282
0.338648
-0.198057
-0.200739
0.256574
0.166052
0.247327
0.105088
0.13631
0.288178
0.0262756
-0.397199
0.040338
-0.0494335
0.0764933
-0.157093
-0.167146
-0.170203
-0.0304036
-0.0673317
-0.266118
-0.130374
-0.097376
0.336129
-0.00715137
0.155846
0.0145075
0.0550039
0.182159
0.460182
0.0964013
0.0579165
-0.00662446
0.653794
0.166822
0.217499
0.297719
-0.0820747
0.27465
0.238168
-0.560118
0.0721135
0.132108
-0.0760331
-0.0453359
-0.218606
-0.117224
-0.353849
-0.290667
0.0627439
0.181147
-0.176217
-0.207461
-1.72257e-05
0.100837
-0.120382
-0.430681
0.200641
-0.542212
-0.196645
-0.166118
-0.129545
-0.0393261
-0.319006
-0.259177
0.221128
-0.288213
-0.0364872
-0.21948
-0.385265
-0.150972
-0.499219
0.33888
0.254475
-0.114331
0.0447879
0.0429167
0.426769
0.408875
-0.173431
-0.118928
0.743463
-0.116552
0.183391
-0.0827755
0.445906
0.273098
0.0807817
0.158266
-0.279755
0.68779
-0.0639411
0.382588
-0.0944968
0.568964
0.562733
0.0720929
-0.0321656
0.430716
0.303068
-0.253186
-0.470834
0.311711
-0.171806
0.683914
-0.200107
-0.0837018
-0.493305
0.360908
0.0116191
-0.456965
0.252468
0.199632
-0.152315
0.421968
0.0830621
0.447858
0.160944
0.0417491
0.52126
0.139914
0.0415632
0.190229
0.096068
0.406373
-0.0438315
0.130912
0.377429
0.0033958
-0.048519
-0.196404
-0.0337184
0.14013
-0.203837
-0.558504
-0.627397
0.0462679
-0.0949916
-0.199573
-0.297107
0.0659581
-0.00875854
-0.0516832
-0.180866
0.289853
-0.150365
0.196602
-0.271039
0.135214
0.154653
0.316638
-0.16746
0.310835
-0.108105
-0.351965
-0.480011
-0.158737
-0.208683
0.0271856
0.0390831
-0.322945
-0.351625
0.113208
0.129072
-0.0438215
-0.443855
-0.0979416
0.02544
0.250656
-0.436002
-0.0141635
-0.140254
-0.163747
-0.1249
0.00791466
0.331095
-0.255363
0.524971
-0.0741863
0.114684
0.191992
0.00745201
0.0112082
-0.0806761
0.066739
-0.221131
-0.0884433
-0.0402286
-0.222352
-0.275235
-0.217058
-0.405882
-0.372622
-0.535627
-0.368846
-0.0821056
-0.302529
-0.00267112
-0.0198378
0.18353
-0.143742
0.205837
0.190075
-0.00237197
-0.296262
0.320885
-0.0704406
-0.0579519
0.384059
-0.0799596
0.0193551
0.0757129
-0.38593
-0.0655547
-0.169813
-0.0902224
-0.00894779
-0.200357
-0.36572
-0.164031
-0.259615
-0.549181
-0.31894
-0.429611
-0.167367
-0.300045
-0.586374
-0.29578
-0.181597
-0.364903
-0.429098
-0.515077
-0.421768
-0.621182
-0.760623
-0.545266
-0.552867
-0.345197
-0.400803
-0.504956
-0.184032
-0.429728
-0.132603
0.0665253
0.216475
0.135083
-0.68118
-0.0431427
0.309384
0.0210482
-0.125981
-0.0413669
-0.100469
-0.255954
-0.118913
-0.503361
-0.312711
-0.3641
-0.452759
