-1
-1
-1.18064
-0.93229
-0.773225
-0.870436
-0.998173
-1.33138
-1.15332
-1.10449
-1.09597
-0.822657
-0.725405
-1.1585
-0.951501
-1.01887
-1.05657
-1.06545
-1.02169
-1.04987
-0.985326
-0.892527
-0.982725
-1.0924
-0.812733
-0.859456
-0.906319
-0.789464
-0.776125
-0.531649
-0.525022
-0.236202
-0.592425
-0.642991
-0.194406
-0.432397
-0.262523
-0.441618
-0.0740799
-0.140706
-0.417034
-0.287455
0.0008111
-0.592832
-0.477651
-0.222567
-0.215437
-0.0496946
-0.119234
-0.121597
-0.216959
-0.288309
-0.0739443
-0.0544485
-0.311431
-0.23488
-0.151614
-0.116863
-0.176195
0.0898651
-0.0571308
-0.179442
-0.194297
-0.1131
-0.106232
0.246088
0.0202522
-0.0276317
0.0373931
0.299902
-0.0028078
0.228924
0.230685
0.153617
0.0382991
-0.00623465
0.103583
0.0773751
-0.152652
0.0508311
0.0525187
0.0118902
-0.128549
-0.0515192
-0.0816028
-0.024055
-0.0468444
-0.162473
0.0822508
0.0494438
0.283555
0.233458
0.171632
0.652867
-0.0739084
0.0151969
0.18083
0.436088
0.377975
0.0736691
0.258637
0.098074
0.322134
0.389343
0.236623
0.108581
0.35829
0.190605
0.079762
0.194859
0.22238
0.0942376
0.226413
0.199792
0.0216883
0.102904
0.166257
0.15846
0.0135937
-0.298658
-0.0710209
-0.00879198
-0.258402
-0.172414
-0.143172
-0.206764
-0.504938
-0.221491
-0.24115
0.0562171
-0.0918654
-0.336659
-0.641159
-0.291065
-0.174103
-0.328726
-0.239245
0.128513
0.0374565
-0.307865
-0.227101
-0.00678837
-0.49677
-0.208869
-0.149489
0.0367712
-0.0141251
-0.357388
-0.100038
-0.106539
-0.00506622
-0.167207
-0.138683
-0.229976
0.080676
-0.125912
-0.440986
-0.116375
-0.0930441
0.0848242
-0.370825
-0.150128
-0.175671
0.0939684
0.0335937
0.00155318
0.0533457
0.0833656
-0.207823
0.188835
0.00827754
0.368073
-0.314129
0.0222704
-0.00185227
-0.102607
0.00622988
-0.201111
-0.363182
-0.304813
-0.171053
-0.206832
-0.152504
-0.289411
-0.180625
-0.238351
-0.0657358
0.0393046
-0.248958
0.194314
0.0189483
-0.0558555
-0.0315523
-0.0437677
0.292519
-0.000157952
-0.235358
-0.550607
-0.122319
-0.155035
-0.0819858
-0.12971
-0.380235
-0.266201
-0.117746
0.156248
0.0878725
-0.127696
-0.0988818
-0.34128
0.1416
-0.402767
0.0745295
-0.156131
-0.106092
-0.347396
0.187449
-0.316085
-0.447709
-0.310898
-0.267339
-0.381538
-0.0140116
-0.216975
-0.257053
-0.320448
-0.207466
-0.379754
-0.475768
0.0610297
-0.0285897
-0.249019
-0.152821
-0.184765
-0.185095
0.0060308
0.11824
0.323183
-0.0400545
-0.120459
-0.360067
0.333012
0.292805
0.0575196
-0.195324
-0.236886
-0.312155
-0.264657
-0.387774
-0.20367
-0.333245
-0.329976
-0.515763
-0.575624
-0.331794
-0.308467
-0.467078
-0.565114
-0.387443
-0.29566
-0.214525
-0.103643
-0.16485
-0.403696
-0.456757
-0.759875
-0.567657
-0.149796
-0.40735
-0.33662
-0.307735
-0.583148
-0.357046
-0.685063
-0.51443
-0.552712
-0.696344
-0.663104
-0.708435
-0.57734
-0.528509
-0.461323
-0.492292
