-1
-1
-1.05937
-0.994741
-1.0113
-0.971894
-1.01957
-0.998332
-1.04001
-0.898334
-0.99822
-0.972532
-0.784148
-1.0578
-0.835343
-1.00243
-0.948628
-1.01999
-1.00858
-0.947551
-0.84061
-1.12761
-0.881131
-0.750624
-0.738876
-0.843436
-0.554206
-0.615044
-0.503992
-0.38475
-0.303048
-0.447101
-0.369171
-0.249964
-0.151677
-0.0446174
-0.0605592
-0.32662
0.0247318
0.100597
-0.160984
0.00407112
0.0886821
-0.0409335
-0.00693858
-0.169595
-0.0330671
-0.0774275
-0.0658197
-0.247916
0.0257992
-0.237009
0.113392
0.119915
0.0507324
-0.161494
-0.0881802
-0.0835584
0.41996
0.190425
0.232169
0.23984
0.170206
0.0743489
0.295082
0.0278164
0.124715
0.0814062
0.0133247
0.0926163
0.120131
-0.0604078
0.0987098
-0.217476
-0.0776057
-0.280997
-0.0824311
-0.0993225
-0.264021
-0.284036
-0.118781
-0.0510247
-0.0406468
-0.109403
0.0609131
-0.0782564
-0.211382
-0.0874759
-0.11119
-0.0263758
-0.0147066
0.0839294
0.0598381
0.0772592
0.137547
0.0299231
-0.0471658
0.134632
0.119335
0.147971
-0.0367645
-0.0159532
0.0400097
0.107312
-0.157919
0.0399153
-0.0119434
0.157424
0.132401
0.267693
0.0953265
-0.0662659
-0.124018
0.00691795
-0.133025
-0.10322
0.103409
-0.30395
-0.0905156
0.0581517
-0.0640377
-0.0618553
-0.189296
-0.027123
-0.141842
0.125633
-0.136924
0.027899
-0.0673934
-0.0180542
-0.080331
0.291317
-0.0389768
0.205171
0.0620594
0.0295901
0.018599
0.170546
0.0342227
0.0496979
0.0213329
0.17396
-0.0310331
0.0485811
-0.177182
-0.241932
-0.111471
-0.182626
-0.107783
-0.134347
-0.181191
-0.0408804
-0.202287
-0.0600362
-0.0970612
-0.11198
0.00359952
-0.220806
-0.193187
0.00758564
-0.149155
0.0940933
0.241145
-0.158838
-0.067857
0.0476683
-0.0078451
-0.0223082
0.00176597
0.116294
-0.0849574
-0.229285
-0.074894
0.147408
0.0113823
-0.046399
-0.236179
-0.156594
-0.271703
-0.0214561
-0.057787
0.110369
-0.101569
-0.0116875
-0.0346459
-0.224219
-0.0914567
0.088316
-0.0173252
-0.234814
-0.0429615
-0.167102
-0.162982
-0.00338298
-0.318951
0.00457764
-0.0489273
-0.0634391
-0.115559
-0.0694581
0.123895
0.0324697
0.0538927
-0.17313
0.08676
0.106833
-0.0359482
-0.147703
-0.0707351
0.0920299
0.068949
0.0164417
-0.0404766
0.139178
-0.282887
-0.0406083
-0.0029245
0.0950024
-0.111405
0.124694
-0.0816151
-0.110173
-0.245943
-0.0236902
-0.290268
-0.181494
-0.283324
-0.412073
-0.279843
-0.147787
-0.266566
-0.509872
-0.343285
-0.336118
-0.387885
-0.320607
-0.418977
-0.32628
-0.215555
-0.165472
-0.198243
-0.302699
-0.178453
-0.292631
-0.177211
-0.288373
-0.15128
-0.296374
-0.251089
-0.158253
-0.249807
-0.152129
-0.158143
-0.0108978
-0.0467442
-0.125462
-0.322052
-0.347171
-0.23919
-0.365098
-0.274916
-0.411966
-0.433117
-0.294867
-0.490767
-0.448078
-0.192788
-0.38099
-0.583121
-0.510108
-0.72455
-0.424403
-0.695359
-0.643952
-0.710493
-0.607893
-0.668569
-0.768326
-0.595492
-0.487735
-0.505968
-0.44794
-0.372052
-0.409883
-0.202307
-0.313729
-0.283411
-0.0672708
