-1
-1.00996
-1.04815
-0.998887
-1.06154
-1.00588
-1.04176
-1.03772
-1.15229
-1.01574
-1.08804
-0.941862
-0.948851
-0.960667
-1.03143
-0.920528
-1.12841
-0.908338
-0.90277
-0.836441
-0.733054
-0.814128
-0.748173
-0.555031
-0.418118
-0.192101
-0.410984
-0.387144
-0.186598
-0.38683
-0.313347
-0.345679
-0.162501
-0.251366
-0.0807456
-0.0157098
-0.369977
0.0985729
-0.105808
-0.134374
-0.220989
0.0931842
-0.195018
-0.126784
0.0861553
0.13709
-0.233808
0.0290467
0.174987
0.0705599
0.0404973
0.144577
0.0411657
-0.150175
-0.0199195
0.216635
-0.0831242
0.075488
-0.123833
-0.190166
0.0586177
0.0264328
0.00479233
-0.206441
-0.0294921
0.0492854
-0.166383
-0.18613
-0.0168515
-0.166532
-0.0848154
0.0136278
-0.337444
0.279307
-0.148579
-0.0386699
0.0561521
-0.0766363
-0.0676025
0.0200553
-0.0279058
-0.219179
0.126022
0.0642425
0.0532904
-0.00774628
0.0520185
0.107263
0.0907381
-0.0432234
-0.132707
-0.0626506
-0.121455
-0.174884
-0.0942889
-0.307251
0.0245086
0.00357687
0.248552
-0.14566
0.145454
0.0765008
-0.092807
-0.182393
0.207132
-0.00795549
0.201267
0.0646552
0.0574905
0.0951819
0.140319
0.2757
0.12818
0.315189
0.22048
0.241582
-0.131921
0.206928
-0.0201551
-0.0959213
0.0501343
0.10341
-0.0575872
-0.0599067
-0.0300194
-0.159831
-0.00659984
-0.210209
0.027774
-0.170715
0.323278
-0.304538
-0.117352
0.108502
-0.106794
-0.210073
-0.381906
-0.24025
-0.0634329
0.0263668
-0.151678
-0.0332526
0.0162725
-0.122308
-0.0898198
-0.204698
-0.0407875
0.0904433
0.0800552
-0.11127
-0.151876
-0.0531407
-0.151598
-0.178474
-0.208512
-0.218078
0.135977
-0.0654923
-0.243968
0.114524
0.0698711
0.198617
0.119323
0.00082171
0.249853
0.0981846
0.148778
0.0344672
-0.451489
-0.202812
-0.13996
-0.0545669
-0.120929
-0.268078
-0.277239
-0.33401
-0.315361
-0.337272
-0.267828
-0.183616
-0.285193
-0.161596
-0.391813
-0.242727
-0.265579
-0.0930697
-0.309401
-0.221142
-0.170848
-0.170376
-0.216941
-0.34078
-0.117659
-0.327992
0.0619197
-0.181769
-0.301915
0.00879574
-0.433942
-0.126095
-0.0314866
-0.0728564
-0.193218
-0.331408
0.00176394
-0.306765
-0.411098
-0.0566391
-0.236079
-0.254189
-0.0688571
-0.293885
-0.228346
-0.0946998
-0.198314
-0.220837
-0.126605
-0.0645666
0.0743868
-0.261777
0.00294888
0.0124516
-0.00522441
0.175394
0.123237
0.173345
-0.285011
-0.163974
-0.0149015
-0.153036
-0.244632
-0.208426
-0.126291
-0.234394
-0.325247
-0.251861
-0.281229
-0.147337
-0.0706178
-0.113422
0.230618
0.364821
0.277541
0.579447
