-1
-1
-1
-1.02466
-1.1508
-1.01562
-1.04202
-0.946285
-0.882536
-1.06313
-0.945619
-1.06238
-1.05698
-1.01966
-0.936261
-1.0106
-0.981857
-1.08304
-1.03435
-1.04726
-0.878442
-0.965005
-0.848517
-0.934967
-1.02631
-0.851885
-0.924833
-0.79876
-0.989205
-0.949945
-0.795913
-0.838934
-0.68449
-0.601753
-0.420191
-0.594003
-0.60218
-0.360011
-0.3668
-0.498696
-0.163201
-0.0643852
-0.281043
-0.0362673
-0.359215
0.110523
-0.417326
-0.442578
0.0613312
-0.0414711
-0.29263
0.124043
-0.142384
-0.15646
-0.202658
-0.0207505
-0.397964
0.182091
-0.177801
0.135983
-0.539502
-0.21522
0.240037
0.296516
-0.505072
0.0511353
-0.0204735
-0.305857
0.0834601
0.209426
0.151089
-0.103039
-0.00833416
0.106337
-0.321559
-0.11972
-0.118802
0.209285
-0.0184275
-0.180008
-0.187107
0.30381
0.460134
0.0888634
-0.495419
-0.15185
0.517744
0.100559
-0.282772
0.0553428
-0.0644027
-0.021615
0.171592
0.155707
0.296761
0.191814
-0.0723622
0.145404
0.109056
0.134296
0.568263
0.0360482
0.548026
0.359333
-0.000706136
-0.0452798
-0.123209
-0.155517
0.00126672
0.204229
-0.00435519
-0.261625
0.0885016
0.134776
0.335329
-0.249608
0.532594
0.306976
0.277342
-0.000741541
0.0937438
0.431113
0.411976
0.317751
-0.240554
0.336908
0.192336
-0.347333
0.200859
-0.087824
-0.292057
-0.305007
0.329006
0.670938
0.573077
0.327764
0.386819
-0.378435
-0.000602722
0.27355
0.159044
0.200177
0.0477598
-0.0583077
0.540056
0.0373347
0.145076
0.326322
0.287117
-0.324444
0.0651258
0.408209
-0.0875086
0.132592
0.116072
0.203148
0.230883
0.171469
-0.162356
0.525424
-0.273223
-0.263964
0.390483
-0.153111
0.188733
0.189882
-0.075059
-0.15085
-0.114941
0.473231
0.3513
-0.578301
0.0502464
0.242503
-0.00136065
-0.173733
0.298973
0.195967
0.11022
-0.035026
-0.523947
-0.142114
-0.367382
0.103178
0.261348
0.187421
0.210781
-0.044659
-0.0742652
-0.0742655
0.115071
0.156447
0.150342
0.377901
0.145161
0.102106
0.351011
-0.138636
0.0241029
0.317392
0.0638131
-0.248503
0.0788047
-0.43353
-0.372756
-0.186003
-0.129369
0.100214
0.614147
-0.193366
-0.202245
-0.123518
-0.0511507
-0.649617
0.262431
0.140854
-0.148026
0.516901
0.0678803
0.0539435
0.283881
-0.292003
0.057862
-0.145454
0.362419
0.0184966
-0.00361842
0.111383
0.347208
-0.689996
-0.123917
-0.0866033
-0.185536
0.0841243
-0.224472
0.0424601
-0.32212
-0.592636
-0.551392
-0.519985
-0.0289274
-0.0951446
-0.15385
-0.157317
-0.465645
-0.348146
-0.275921
-0.184841
-0.169828
-0.368569
-0.215386
-0.428436
-0.21788
-0.0501228
-0.351453
-0.0711138
-0.291302
-0.348477
0.0993582
-0.459413
0.0905823
-0.13115
0.199126
0.15179
-0.0329325
0.0466162
-0.0814111
0.316887
0.137741
-0.016528
0.0526718
-0.156285
0.106368
0.171923
0.234212
-0.339684
0.0859456
-0.385622
-0.208449
-0.419114
0.0613737
0.000227332
0.0390834
0.0982039
-0.0666751
0.131598
-0.0204673
0.069559
0.0656371
0.108516
-0.261237
-0.139011
-0.442727
-0.12611
-0.0464908
-0.448785
-0.0842053
-0.781949
-0.0277503
-0.138177
-0.134444
-0.379482
-0.479535
-0.251666
-0.595051
-0.357915
-0.498625
-0.441768
-0.367201
-0.178922
-0.636306
-0.495091
-0.410973
-0.215517
-0.0246425
-0.000463247
0.117295
-0.226152
-0.400886
-0.58815
-0.333157
-0.342683
-0.402289
-0.433641
-0.287654
-0.668166
-0.375682
-0.240214
-0.236553
-0.323236
-0.242625
-0.275863
-0.337252
-0.135196
