-1
-1.07178
-0.973744
-1.11314
-1.03452
-1.11277
-0.970543
-0.964944
-1.00811
-1.03635
-1.08151
-0.955266
-0.943222
-0.891495
-1.06493
-0.986063
-0.874464
-1.10077
-0.989521
-1.18253
-0.975379
-0.979402
-1.17643
-0.806908
-0.804575
-0.795024
-0.899445
-0.482951
-0.365673
-0.428334
-0.425427
-0.569549
-0.0485378
-0.498291
-0.22151
-0.390571
-0.0171762
-0.430412
-0.520721
-0.142541
-0.473631
-0.395413
0.000199199
0.100102
-0.373289
-0.0428602
0.0908549
0.372596
-0.041819
-0.262428
-0.204635
-0.183756
0.0746771
0.0158954
-0.390041
-0.144106
0.0169634
0.0990967
0.207168
0.0659655
0.243508
0.210348
0.441635
0.0987846
0.0609999
-0.0193161
0.0770283
0.0391314
0.330551
0.0397927
-0.230458
0.138809
0.382829
-0.214401
-0.0318816
-0.116317
-0.0982595
0.0715206
-0.267497
-0.258499
-0.0362836
-0.0178174
0.255154
-0.425079
-0.099128
-0.458134
-0.296328
-0.169412
-0.130462
0.145909
-0.371951
-0.15243
0.173704
-0.0646859
-0.24569
-0.0495524
-0.135162
-0.109684
-0.21637
-0.572923
-0.149345
-0.0325387
-0.162711
-0.286141
-0.587813
0.203631
-0.0891427
0.0719517
0.246524
-0.0310912
-0.0542933
0.0937521
-0.113967
0.256127
-0.0198138
0.011819
-0.138742
-0.373267
0.330613
0.153846
-0.252348
-0.52782
0.576308
-0.200917
0.0116028
-0.130745
0.00821555
0.208138
-0.0327757
0.083173
-0.568263
-0.194842
-0.63657
-0.155996
0.170512
0.000353813
-0.237948
0.284698
0.104372
0.0254033
0.0849254
-0.0249681
-0.0419175
-0.262294
-0.263536
-0.12648
0.0316544
-0.514736
-0.126774
-0.347059
-0.27649
0.25207
-0.366483
-0.307178
0.0270265
0.0574187
-0.0730542
-0.0675622
-0.479266
-0.220981
0.215321
-0.249941
0.0307958
-0.101644
0.506503
0.33975
-0.300523
0.00330496
0.326845
-0.0711517
-0.275537
-0.0825846
0.126222
-0.00817448
-0.137644
-0.264622
-0.209763
-0.0854652
-0.175539
-0.278292
0.115632
-0.0371341
-0.00872934
0.0122055
-0.281411
-0.281617
0.201301
0.144066
-0.221642
-0.0461811
-0.438107
-0.0842706
0.0115479
-0.184378
-0.0630838
-0.093106
-0.0400378
-0.169846
-0.224835
-0.0224735
-0.115351
0.0689802
-0.0807447
0.148453
0.0892541
0.102676
-0.176506
-0.0356689
-0.323947
0.206366
-0.175846
-0.0732704
0.0575418
-0.0112084
-0.169856
-0.0806766
-0.447055
-0.365941
0.00302804
0.0226988
-0.110259
-0.1765
-0.153204
0.124339
0.056193
-0.0868185
-0.411114
-0.208687
0.0305438
0.0112551
-0.0667074
-0.262522
-0.558703
-0.303648
-0.494118
-0.182066
-0.859464
-0.637116
-0.577654
-0.31587
-0.321373
-0.594514
-0.601493
-0.612138
-0.517467
-0.281977
-0.603129
-0.513252
-0.389943
-0.325868
-0.706949
-0.612247
-0.518858
-0.339074
-0.452402
-0.488493
-0.425984
-0.453648
-0.0872148
-0.0922204
-0.270851
0.278936
0.0707251
0.214063
-0.00723922
-0.0192496
-0.168672
-0.431257
-0.207659
-0.225656
-0.394581
-0.111637
-0.276111
0.0530617
-0.257288
-0.254072
-0.196567
-0.617635
-0.417334
-0.0721354
-0.583793
-0.312788
-0.222417
-0.215578
-0.123783
-0.603386
