-1
-1
-1.03102
-0.931217
-1.06497
-0.871691
-1.21224
-1.09971
-0.871401
-1.07208
-1.09277
-0.975612
-1.11184
-0.905095
-1.22903
-0.899096
-0.946044
-1.03804
-0.884214
-1.16211
-0.894536
-0.915296
-1.10805
-0.955777
-0.908145
-0.964306
-0.956273
-0.645061
-0.578567
-0.679312
-0.522687
-0.829709
-0.449678
-0.44798
-0.475803
-0.266118
-0.202843
-0.135151
-0.268002
-0.0909789
-0.53714
-0.381098
-0.28781
-0.232211
-0.302634
-0.4334
-0.388113
-0.312363
-0.597488
-0.223221
-0.0702826
-0.229359
-0.0310026
-0.292322
-0.0790332
0.0966527
-0.064169
-0.166951
-0.157032
-0.513273
-0.103642
0.277776
0.15395
0.205317
0.328797
-0.0713193
0.0197266
0.0359691
-0.0846765
0.148906
0.087369
0.234029
0.249656
0.587192
0.12117
-0.0506243
0.254969
0.0304636
0.505741
0.218077
0.135095
0.215856
0.240881
0.0963445
-0.369201
-0.0253013
0.112176
-0.197308
0.0183041
-0.34933
-0.0103886
0.0125687
0.124596
0.146059
0.0618545
-0.0311146
-0.175233
0.0929264
-0.0263226
-0.228718
-0.247682
-0.119769
0.112673
0.65949
-0.230174
-0.480568
0.409176
0.171848
0.0338619
0.101511
0.123258
0.132119
-0.113093
0.227656
0.488795
0.262414
0.311855
0.151171
-0.0178261
-0.138292
0.44373
0.0254858
-0.11793
0.0141019
-0.0183784
-0.272093
0.346266
0.310759
0.264051
-0.0788578
0.122346
0.118496
0.41942
0.394677
0.135158
0.176909
0.147303
0.30455
0.158512
0.286363
0.13458
0.250914
-0.337953
-0.0887075
-0.220392
0.00831473
0.125321
-0.199712
-0.131358
-0.00195384
0.013539
0.185058
0.0207398
-0.325788
-0.066329
0.125999
0.105409
-0.0531512
-0.510087
0.166523
-0.0478001
-0.10951
-0.248481
-0.258411
-0.137122
-0.133276
-0.193519
0.086965
-0.251721
0.0033145
0.0219506
0.0344551
0.0464597
-0.222035
-0.109261
-0.0550726
0.366122
-0.204197
-0.427867
-0.0810796
-0.302134
0.265923
-0.451283
-0.312239
0.15242
-0.157693
-0.0678418
0.261158
-0.0451079
-0.451076
0.195746
-0.177549
-0.433012
-0.000933528
0.0977958
-0.125243
0.0247101
0.036442
-0.15023
-0.0487384
-0.145635
0.385572
-0.101535
-0.0125234
0.0283114
-0.250037
0.203436
0.237537
-0.089941
-0.277903
0.0835967
-0.0641774
-0.0662332
-0.0613508
-0.0395743
-0.278984
0.277342
-0.0550323
-0.159601
-0.172362
-0.105621
-0.126425
0.306471
-0.0875295
-0.0510321
-0.0966294
0.456897
0.0555118
-0.097738
0.0551344
-0.118487
0.0225616
0.0323533
0.0757374
0.218555
0.365542
0.172185
0.0690277
-0.0727669
-0.202218
-0.055935
-0.1208
-0.0792494
-0.0427579
-0.142607
-0.296722
-0.628347
-0.387805
0.0974365
-0.0936902
-0.346342
-0.105924
-0.316608
-0.536697
-0.157814
0.0169638
-0.282742
-0.312574
-0.255231
-0.548494
-0.386037
-0.24573
-0.258964
-0.383791
-0.346724
-0.254755
0.131643
-0.442535
-0.100813
-0.0476995
-0.382483
-0.0223588
0.0714579
-0.112102
0.439747
-0.0219213
0.113525
-0.343484
-0.124262
-0.323756
-0.405873
0.0619818
-0.245117
-0.220668
7.85589e-05
-0.303353
-0.412756
0.0545162
-0.0463601
-0.0998458
-0.103606
-0.221948
-0.0838292
-0.285216
-0.428521
-0.166554
-0.34753
-0.286645
-0.35128
-0.214236
-0.34692
-0.341219
-0.394193
-0.355596
-0.284017
-0.0851833
-0.0835332
0.114367
-0.313462
-0.2047
-0.333201
-0.267036
0.00287235
0.104224
-0.119749
-0.00397241
0.0243348
-0.203248
0.00186324
-0.113282
-0.512799
-0.18659
-0.202544
-0.208621
