-1
-0.98803
-1.07044
-1.13746
-1.09943
-0.853122
-1.12878
-1.02599
-1.05624
-1.15072
-0.965205
-1.01852
-1.08261
-0.93929
-0.936783
-0.985245
-1.06917
-1.0424
-0.696073
-0.733327
-0.71282
-0.827592
-0.669793
-0.657543
-0.358378
-0.41337
-0.365319
-0.342765
-0.459757
-0.320961
-0.347187
-0.283831
-0.356538
-0.459693
-0.343819
-0.28946
-0.00839776
-0.217414
-0.157162
-0.386424
-0.246334
-0.242523
-0.157559
-0.217108
-0.197537
-0.017428
-0.252108
-0.181022
0.0111905
-0.0293275
-0.0333831
-0.0242169
0.00139892
0.106268
0.156659
0.137925
-0.000920415
-0.0130549
0.121997
0.0770713
-0.145433
0.119411
0.0889468
0.0999337
0.225734
0.116153
0.00318396
0.0665591
0.125793
0.0147802
0.0958941
0.120657
-0.0211
-0.0384949
-0.064514
0.00624478
0.0953295
-0.0220839
0.0653379
-0.0741641
0.146412
0.125798
-0.182256
-0.111688
-0.0423451
-0.0529832
-0.0511709
0.0289392
-0.171688
-0.0659291
-0.00261748
-0.00662482
0.0953147
-0.0132702
0.182903
0.215487
0.256309
0.210303
0.236123
0.278035
0.0731716
0.114946
-0.0853081
0.0190679
0.125719
0.235845
-0.0399824
0.051383
0.0240046
-0.0264344
-0.0222419
0.23584
0.0350095
-0.0987381
0.0657808
0.0278801
0.0316709
-0.123617
0.0867453
-0.0887753
-0.137918
-0.0228539
-0.287444
-0.157237
-0.087431
-0.216135
-0.0888679
0.0504047
-0.219374
-0.0145757
-0.108153
0.177575
-0.0734175
-0.0436276
-0.0474079
0.185943
-0.0183148
0.177041
0.115408
-0.019394
0.0626479
0.163223
-0.013943
0.100513
0.0211884
0.151862
0.0363719
0.132354
0.0488799
0.101347
0.0464852
0.0880994
0.136331
-0.257118
0.0551232
-0.330083
-0.241295
-0.147696
-0.404463
-0.285052
-0.0925053
-0.383498
-0.164782
-0.328217
-0.258109
-0.285962
-0.191218
-0.357064
-0.326675
-0.219781
-0.285604
-0.158304
-0.218563
-0.179645
-0.119083
-0.0274724
-0.0358505
-0.11294
0.0864497
-0.141863
-0.0637245
0.00513744
0.0814346
0.0360032
0.160232
0.104852
0.186339
-0.140287
-0.239679
-0.212746
-0.445625
-0.403512
-0.486968
-0.758298
-0.65893
-0.563771
-0.678801
-0.369393
-0.665997
-0.676639
-0.511728
-0.468682
-0.404539
-0.480746
-0.458463
-0.435281
-0.476708
-0.372992
-0.298818
-0.208555
-0.373942
-0.292175
-0.244992
-0.406957
-0.161898
-0.321228
-0.00739759
-0.29782
0.0351542
-0.0434555
-0.0661535
0.0854512
-0.0624216
-0.0982956
-0.025099
-0.00144678
-0.0354249
0.129433
0.0544403
0.212656
0.14998
0.224409
0.0952339
0.0900515
-0.0519867
-0.231515
