-1
-1
-1
-1.06449
-1.21687
-1.01849
-0.769324
-0.88198
-0.979159
-1.05213
-1.11436
-1.11833
-0.947068
-0.846295
-1.17408
-0.954597
-0.842805
-1.08526
-1.25808
-0.899498
-0.560558
-0.806438
-0.911641
-0.879265
-0.456132
-0.377737
-0.414534
-0.366231
-0.412873
-0.00458419
-0.191275
0.0144929
-0.0210258
0.229466
0.583054
0.0124619
0.0499744
0.0149748
0.1561
0.313291
0.33767
0.36963
0.0614452
0.115064
0.280434
0.156557
0.438761
0.0665716
0.205187
0.606303
-0.115729
0.0165129
0.316919
0.216619
-0.48968
0.126982
0.0224
0.349708
0.293449
0.238588
0.0222604
0.13429
-0.25112
0.131864
-0.0264271
-0.12417
0.0581822
-0.169124
-0.20499
-0.308997
-0.0853332
-0.16859
0.391388
0.222679
-0.0397804
0.0494875
-0.262507
-0.162276
0.0702813
0.331919
0.210464
0.258228
0.291945
-0.337239
0.42743
0.164533
-0.0562005
0.0876068
0.148436
-0.00267637
0.0638723
0.252043
-0.056991
0.0571985
-0.37875
-0.388744
0.0768856
0.276204
0.13645
-0.156973
0.14823
0.117157
0.0807753
0.163137
-0.121594
-0.169653
-0.141652
0.259291
-0.122942
-0.0894908
0.140007
0.0250443
0.307587
-0.138343
-0.227376
-0.280235
0.0312051
0.267393
0.310012
0.147248
0.0606306
-0.163108
-0.179918
-0.342008
0.0193498
-0.160493
0.272832
0.054983
-0.477845
-0.0202129
0.0577754
-0.119032
-0.262911
-0.503352
-0.142878
-0.198506
-0.0566974
-0.507311
0.154963
-0.294246
-0.122752
-0.268916
0.0655742
-0.125629
-0.429105
-0.134848
-0.0655213
0.304273
-0.190902
-0.032376
0.00957406
-0.355983
-0.03249
-0.151727
-0.0429247
6.81877e-05
0.0023092
0.0646303
0.0321089
0.226946
-0.144521
0.0770998
0.205179
0.144668
0.0607396
-0.064698
0.230114
0.0206342
-0.242741
0.285015
-0.0266429
-0.48829
-0.310541
-0.482535
-0.147103
-0.534948
-0.313472
-0.150566
-0.729808
-0.479956
-0.493415
-0.327934
-0.0890508
-0.0504662
-0.994676
-0.369019
-0.296601
-0.111061
-0.050716
-0.385081
-0.428161
-0.376232
-0.0574639
-0.31382
-0.246747
-0.215619
-0.0754107
-0.107931
-0.236339
-0.353192
-0.14873
-0.0426201
-0.443883
-0.0579969
-0.00856793
-0.335705
-0.0323011
-0.0710946
-0.167809
0.0236689
0.198534
-0.151306
0.165755
0.208403
-0.0604132
0.199359
-0.207202
-0.00594932
0.233697
-0.459972
-0.185635
-0.222212
-0.459728
0.0121366
-0.270758
0.00316763
0.00491726
-0.128058
-0.344585
-0.278539
0.0725745
-0.116333
0.0764678
0.0202137
-0.249186
-0.116278
-0.485682
-0.223795
-0.484367
-0.343597
-0.314309
-0.278741
-0.235399
-0.480474
-0.395939
-0.48373
-0.504313
-0.646469
-0.684841
-0.573276
-0.488716
-0.438722
-0.250009
-0.401459
-0.424905
-0.629754
-0.475838
-0.696035
0.0334872
-0.546016
-0.346478
-0.127026
-0.172455
-0.169484
-0.109243
-0.338786
0.102614
-0.011979
0.147278
-0.115028
0.131591
