-1
-1
-1
-0.98499
-1.19492
-0.921514
-1.17182
-1.04445
-0.989649
-0.953153
-1.09599
-1.12456
-0.913137
-1.09087
-1.19319
-1.14025
-1.02794
-1.01291
-1.05896
-0.940448
-1.09439
-1.10011
-0.893575
-0.981544
-0.905613
-0.768169
-0.726267
-0.645634
-0.602295
-0.478441
-0.384436
-0.325099
-0.2064
-0.0965514
-0.113611
0.0750189
0.221369
-0.0571482
0.0407177
0.180932
0.0966489
0.175746
-0.00169474
0.0467862
0.296509
0.150272
0.345349
0.0934302
0.196855
0.340488
0.0868244
0.318704
0.333544
0.0837092
0.175529
-0.0547324
0.221336
0.145263
-0.043816
-0.106011
-0.021724
-0.091769
0.0124861
-0.155161
-0.258352
-0.185232
-0.0175159
-0.0839128
-0.130717
-0.148417
-0.094848
-0.0178391
-0.17017
-0.280311
-0.152351
-0.132863
0.0550517
-0.154043
-0.0796129
-0.0617635
-0.119082
-0.163101
0.256315
0.119225
0.255645
0.061787
-0.0188853
0.108583
0.225884
0.180398
0.208835
0.286328
0.201008
0.0714886
0.161469
0.14991
0.217245
0.0527463
0.151588
0.231814
0.170889
0.0511255
-0.111068
-0.194621
-0.0909683
-0.0455739
-0.111364
-0.0673974
-0.206277
-0.205484
-0.234318
-0.286168
-0.314047
-0.29911
-0.288375
-0.235282
-0.140623
-0.289163
-0.437591
-0.210782
-0.18074
-0.132178
-0.124573
-0.171572
-0.117553
-0.154119
-0.0647362
-0.132063
-0.0132495
-0.181224
-0.215099
-0.159868
-0.246141
0.00193822
-0.138675
-0.120162
0.0646192
0.174184
0.031705
-0.0209777
0.238772
0.322339
0.0827713
0.213417
-0.0781173
-0.0909598
-0.127815
-0.045448
0.0636548
-0.0519136
-0.0789556
-0.192817
-0.089349
-0.0832579
-0.0828366
-0.331635
-0.238479
-0.149189
-0.169189
-0.163842
-0.13034
-0.322509
-0.018238
-0.0712627
-0.0812134
-0.119929
-0.198212
-0.112663
-0.0339792
-0.0157521
0.0259124
0.206912
0.10011
0.212057
0.058321
0.171808
0.0305461
0.454362
0.353016
0.585614
0.32461
0.120237
-0.0584694
-0.151503
-0.0767052
-0.239629
-0.168331
-0.339206
-0.448445
-0.503931
-0.547647
-0.54124
-0.429685
-0.618532
-0.503467
-0.466337
-0.522885
-0.38002
-0.524843
-0.464868
-0.434032
-0.462996
-0.649528
-0.569351
-0.46055
-0.430806
-0.570159
-0.546716
-0.623978
-0.526418
-0.593352
-0.509165
-0.554181
-0.507766
-0.390544
-0.301892
-0.395548
-0.461231
-0.245074
-0.181235
-0.270634
-0.463939
-0.259365
-0.186474
-0.245152
-0.337358
-0.245319
-0.212072
-0.0290168
-0.0268942
0.0453598
-0.0255871
0.165868
0.157637
0.212426
0.167134
0.349637
0.499933
0.247928
0.1767
0.412481
0.0655099
-0.112995
-0.306043
-0.292985
-0.44258
-0.615435
-0.714715
-0.934138
-1.20441
-1.20202
-1.14048
-1.12764
-1.07011
-1.17924
-1.10314
-1.00025
-1.09571
-1.12318
-0.968107
-0.873387
-0.774301
-0.504006
-0.421194
-0.217516
0.0520257
