-1
-1
-0.838241
-0.93499
-0.960992
-1.04737
-0.931277
-0.955626
-0.931594
-1.04446
-0.971944
-0.847083
-0.978864
-0.933345
-0.886381
-1.0556
-1.04598
-0.948475
-0.941701
-0.820749
-1.03914
-1.01771
-0.890461
-0.979197
-0.789186
-0.978691
-0.945206
-0.924385
-1.03287
-1.00559
-1.00376
-0.942298
-0.938836
-0.777415
-0.946199
-0.605606
-0.71659
-0.655242
-0.762113
-0.70728
-0.476743
-0.739363
-0.261822
-0.517413
-0.313853
-0.309044
-0.413355
-0.0774676
-0.300231
-0.305474
-0.270707
-0.305756
-0.138811
-0.102207
-0.229639
0.00708771
-0.0603346
-0.278666
-0.149252
-0.0157156
-0.198219
-0.141307
-0.215082
-0.281638
-0.237892
-0.228624
-0.0701061
-0.157258
-0.235065
0.0203525
-0.170149
0.169938
0.0243239
-0.0654146
-0.0142367
-0.070664
0.166922
0.0560352
0.192689
-0.213184
-0.162858
0.14417
-0.128357
0.0787357
-0.106246
0.0591846
-0.192204
-0.300083
-0.103599
-0.0529695
-0.0114553
-0.179438
-0.114253
-0.0967745
0.0841002
0.0114363
0.0685265
0.120997
0.0850364
0.12962
-0.0204244
0.0376085
0.183233
0.0491104
0.173105
0.153554
-0.115217
0.206014
-0.0350922
-0.00479484
-0.0340111
0.21103
-0.0411341
0.086719
0.229545
0.33377
0.333626
0.268652
-0.105817
0.10898
0.0129789
0.470153
0.339657
0.257587
0.407541
0.0903628
0.133235
0.212866
0.0904839
0.26092
0.183022
0.305625
0.334448
0.268012
0.165614
0.176781
0.210059
0.224598
0.182118
0.206233
-0.0401722
0.38286
0.296425
0.341763
0.300002
0.253448
-0.0304371
0.0882459
-0.0222122
0.183704
0.0641643
0.0944287
0.000923753
0.291881
0.409068
0.244753
0.0275002
0.273208
0.271085
0.313019
0.214953
0.413913
0.0651242
0.222144
0.598237
0.118063
-0.0548149
0.308334
0.424901
0.0721545
0.45637
0.153699
0.360417
0.55078
0.293133
0.144357
0.237996
0.202483
0.320044
0.0908045
0.153157
0.290777
0.727593
0.238831
0.370075
0.0568739
0.484436
-0.0158805
0.0101362
0.168002
0.0944468
0.377183
0.356763
0.431677
0.420477
0.404274
0.469647
0.290146
0.47596
0.395298
0.433008
0.301609
0.23677
0.320249
0.257282
0.197725
0.407293
0.0645005
0.230138
0.251855
0.593639
0.304385
0.298514
-0.100597
0.275937
0.325833
0.192424
0.434034
0.248102
0.357359
0.213597
0.288961
0.454757
0.194058
0.211488
0.00254226
0.0445288
0.238065
0.336792
0.0895357
0.0797622
0.216563
0.22798
0.0499449
-0.0776686
0.157174
0.101422
-0.188526
0.18197
0.213845
0.0239322
0.148172
0.375818
-0.119475
-0.0418252
-0.152717
0.00917387
0.0591725
-0.333639
0.0163457
-0.283592
0.143438
-0.0138894
0.0156302
-0.0254042
-0.0478616
-0.178326
0.0118513
-0.254556
0.317297
0.0120798
-0.0784694
-0.103321
0.145664
0.164938
0.13402
-0.0158858
-0.0829814
0.0804917
0.179582
0.247166
0.226971
0.0558209
0.065377
-0.0841889
0.122154
-0.255812
0.129184
0.146494
0.340905
0.284787
0.0510803
-0.00943691
0.383257
-0.22169
-0.235075
-0.355635
-0.211664
-0.192381
-0.0398111
0.215061
-0.185752
-0.0640647
-0.372451
-0.306324
-0.474938
-0.390221
0.00104749
-0.103484
-0.11263
-0.186781
-0.103145
-0.023025
-0.207142
-0.291763
-0.175917
-0.356022
-0.444626
-0.34898
-0.170361
-0.219928
-0.199183
-0.427292
-0.366272
-0.264799
-0.240828
-0.32584
-0.144256
-0.184782
-0.292946
-0.140767
-0.243046
-0.307652
-0.263929
-0.175248
-0.409725
-0.462821
-0.270451
-0.2677
-0.23041
-0.332721
-0.0560035
-0.230689
-0.195331
-0.456798
-0.336163
-0.450386
-0.416353
-0.207089
-0.382596
-0.264721
-0.285683
-0.123397
-0.320976
-0.207004
-0.190915
-0.204934
-0.244423
-0.146549
0.0354887
-0.157009
-0.0145713
0.0531204
-0.0439644
0.233967
-0.133217
-0.135881
0.150278
-0.0302651
-0.191329
-0.0900515
-0.0583643
0.00818324
-0.156388
-0.189139
-0.264935
-0.407384
-0.386875
-0.309869
-0.336083
-0.254374
-0.408283
-0.333013
-0.40205
