-1
-1.13004
-0.901782
-0.937482
-0.989258
-1.02607
-0.843264
-1.08479
-1.16992
-1.0861
-1.04547
-1.01645
-1.03912
-0.94479
-1.04739
-1.0126
-1.08996
-0.990052
-0.970985
-1.11879
-0.852511
-0.996896
-1.04417
-1.0066
-0.806295
-0.927217
-1.03371
-1.08009
-0.941902
-0.836402
-0.746774
-0.707034
-0.61931
-0.552004
-0.516832
-0.516365
-0.488257
-0.452483
-0.533153
-0.533759
-0.454416
-0.390166
-0.266258
-0.457967
-0.40693
-0.350533
-0.195478
-0.360343
-0.366303
-0.408279
-0.145216
-0.153805
-0.118273
-0.0590339
-0.156132
-0.0973499
-0.209089
0.0395479
-0.0938339
-0.026115
-0.193226
-0.21796
-0.12994
0.0154119
-0.208449
0.318135
0.0710944
0.230034
-0.0929694
-0.187911
-0.162672
0.299659
-0.0737883
-0.122975
0.0121257
-0.158359
-0.171238
-0.208313
-0.0230199
-0.16678
0.0831296
-0.174541
-0.110769
-0.0726284
-0.0579416
-0.0374104
-0.169791
-0.243751
-0.0711545
0.0202588
-0.0553141
-0.171195
-0.197028
0.147956
0.259234
-0.213453
0.251657
0.129989
0.0270852
0.310933
-0.0488945
0.319906
0.125977
0.456126
0.00192606
0.203308
-0.0470507
0.171346
0.0252619
-0.270718
-0.0354016
0.255856
0.330878
0.238954
0.260068
-0.0748064
0.278742
0.365497
0.265694
-0.224382
0.0453258
0.25804
0.0730735
-0.226883
0.0343639
0.18954
0.0310775
0.0533451
0.107552
0.0880381
-0.101648
0.153623
0.200346
-0.15617
0.0755498
-0.172506
0.344545
0.175013
-0.130106
0.192319
-0.0504231
0.033784
0.0876389
0.0920442
-0.112791
-0.0923756
0.109351
-0.179637
0.253384
0.00283337
-0.0346209
0.0942198
0.0437688
0.0451628
0.0795264
0.0423455
0.0949403
0.214694
0.160138
0.0907152
0.0540713
-0.194919
0.286996
-0.0232533
0.276873
0.24311
0.237584
-0.0562586
0.0226721
0.227988
-0.120762
0.138157
0.021296
-0.299117
0.0453274
0.315053
0.101785
-0.16117
0.187008
-0.191087
-0.0319329
-0.00811428
0.153254
0.0957683
-0.154465
0.101244
-0.125029
0.0551761
-0.0855309
-0.213196
-0.0263223
-0.149288
0.106926
-0.0812932
-0.179741
0.0342839
-0.179854
0.0202223
-0.14447
-0.185322
-0.0724835
-0.222079
-0.00370145
-0.146456
-0.0925722
0.0873814
-0.124968
0.0868485
-0.0235166
-0.0331216
0.125205
0.280529
0.150558
-0.0777148
0.024444
-0.125532
0.300179
0.0543802
-0.0373314
-0.0941992
0.242769
-0.0183433
0.0544434
0.0112078
-0.182413
-0.281196
-0.239419
-0.0823796
-0.03156
0.134963
-0.047957
-0.208874
0.19495
-0.102098
-0.141291
-0.0122662
-0.0860243
0.00790632
-0.0339228
0.169675
-0.339649
-0.135605
0.435614
0.141113
0.317841
-0.112054
-0.015008
-0.0737322
-0.0663415
0.0706012
-0.365743
-0.116537
-0.083675
-0.160953
-0.278331
0.0715817
-0.196127
-0.125146
-0.224677
-0.150014
-0.193855
-0.428752
-0.140774
-0.131988
-0.0311513
0.126853
0.0233034
-0.110651
-0.142262
-0.0523146
-0.111831
-0.0026238
0.11681
-0.151804
-0.188701
0.0490646
-0.0254132
0.070555
-0.0312275
-0.0429319
-0.179368
-0.0493451
-0.0723251
-0.10751
-0.0645443
-0.126514
-0.0395336
0.186134
-0.0567756
-0.052182
-0.0481668
-0.304789
-0.113547
0.00333941
-0.148559
-0.0812601
-0.0235865
-0.176672
-0.144524
-0.281432
-0.114942
-0.242965
-0.205419
-0.1956
-0.00145948
-0.0610167
0.0242717
-0.0648713
0.38145
0.0997791
0.147871
-0.059108
0.0404801
0.0486884
-0.0166073
-0.0620635
0.00527
-0.28554
-0.157079
-0.0580354
-0.158704
-0.336462
-0.0862021
-0.230667
-0.200627
-0.321237
-0.382667
-0.516833
-0.536088
-0.337625
-0.440961
-0.504721
-0.565616
-0.315029
-0.368169
-0.393952
-0.393398
-0.562233
-0.458805
-0.465966
-0.403592
-0.373206
-0.385164
-0.332365
-0.238833
-0.161942
-0.262637
-0.14933
-0.19562
