-1
-1
-0.830971
-1.16681
-0.872298
-0.886533
-1.00088
-0.958905
-1.10514
-1.00449
-1.0604
-1.0468
-0.961086
-1.00029
-1.06691
-1.11311
-0.813243
-1.027
-0.938698
-1.00077
-1.14347
-0.944516
-0.882392
-1.04808
-1.19579
-0.898277
-0.773186
-0.811422
-0.551147
-0.826485
-0.520851
-0.712246
-0.549895
-0.682414
-0.262566
-0.214347
-0.427345
-0.354319
-0.336284
-0.164146
-0.626679
-0.148799
0.0715733
-0.161258
0.255993
-0.445832
-0.144976
0.153999
0.214667
0.01942
0.11404
-0.183315
0.126856
0.304103
-0.508223
-0.700385
-0.121305
-0.233296
0.0112103
0.246607
-0.236264
-0.176374
0.107534
-0.0541636
-0.241578
-0.0736327
-0.335288
-0.0920886
-0.515045
-0.197503
-0.459595
-0.136435
-0.472721
-0.249828
0.286095
-0.211611
0.134482
-0.402199
0.13618
-0.221326
-0.338119
0.015872
0.3382
-0.00663012
-0.0950481
-0.0387607
-0.121725
-0.17514
0.124746
0.0121793
-0.185933
-0.0866726
-0.326383
-0.339957
0.273497
-0.222663
-0.194983
0.449136
0.0962075
-0.0784488
0.431384
0.140399
0.299999
0.0724167
0.0875394
0.194257
-0.247472
0.419112
-0.233531
0.157379
0.663252
0.177835
0.397957
-0.081821
0.336811
-0.187933
-0.0174065
-0.294658
0.11402
-0.272992
-0.125361
0.528541
0.388956
0.074839
0.0867709
0.487735
-0.0772535
-0.0636648
-0.257996
0.0564895
0.110657
-0.158836
0.34455
0.709405
-0.170373
0.227452
-0.211497
0.393022
-0.425391
-0.0555138
-0.0110856
0.574457
0.229822
0.186037
-0.00012368
-0.221044
0.357215
0.0557551
0.210136
0.41574
0.391424
-0.281626
-0.0120604
0.219724
0.142528
0.316334
0.258573
0.463312
0.337999
-0.0857643
-0.11215
-0.432323
0.211039
0.108993
-0.280016
0.293673
-0.0917276
-0.455777
-0.496011
-0.341286
0.27639
-0.0403845
0.401539
-0.000136614
0.0515804
0.211571
-0.282047
0.335127
-0.0736941
0.0377687
0.575448
0.327959
0.445441
0.103108
0.361689
-0.153284
0.282814
-0.35341
-0.0336217
0.431476
0.443506
0.378993
-0.206232
-0.0467585
-0.278283
0.0911078
-0.24218
0.327857
0.407946
0.118082
-0.0397435
0.245491
-0.354743
0.225795
-0.21472
-0.076439
-0.355354
-0.126836
-0.308714
-0.402083
0.12214
-0.559956
0.0602096
0.327294
0.032976
-0.15483
0.428598
-0.330037
0.223224
-0.187408
-0.105676
-0.336711
-0.414813
-0.134843
0.225689
-0.402153
-0.0247556
-0.138166
-0.436135
0.199963
-0.265895
-0.258855
-0.0292609
-0.631065
-0.109858
-0.406644
0.0125185
0.0350821
-0.274343
-0.282025
-0.223779
0.0638722
0.0600471
-0.169156
0.384643
-0.0617452
-0.2808
-0.178064
-0.0986866
-0.277051
-0.229996
-0.508897
-0.255765
0.00281453
-0.278447
-0.0461969
-0.0148597
-0.65536
0.0896626
-0.059014
-0.633448
-0.195134
-0.283042
-0.174837
-0.429849
-0.257589
-0.107199
-0.357888
-0.10893
-0.0863946
0.0149424
-0.0632467
0.163651
-0.163131
0.0149523
-0.162369
0.0659519
-0.21046
-0.147086
-0.184871
-0.263292
0.018788
-0.317754
0.1697
0.187148
0.11561
-0.365196
0.364976
0.126954
-0.203591
0.101792
0.0484891
0.0213988
0.0331435
0.210881
-0.466446
-0.449413
-0.514851
-0.311196
-0.491084
-0.35365
-0.53496
-0.641915
-0.36793
-0.469732
-0.587936
-0.643506
-0.612571
-0.3687
-0.301784
-0.441936
-0.469119
-0.440366
-0.504268
-0.0283845
-0.33029
-0.46513
-0.537806
-0.848847
-0.280194
-0.295297
-0.388117
-0.430289
