-1
-1
-0.911101
-1.02876
-1.17412
-1.03857
-0.675601
-0.964938
-0.924002
-1.1377
-0.757936
-1.14496
-0.913035
-1.11808
-1.1262
-0.786436
-0.913394
-0.864838
-1.22486
-1.01842
-0.931122
-1.07604
-1.06662
-1.01512
-1.0769
-0.978728
-1.02106
-0.866861
-0.921592
-1.08819
-0.89229
-0.833549
-0.808491
-0.76299
-0.724208
-0.704802
-0.823583
-0.659144
-0.555398
-0.455682
-0.266414
-0.280871
-0.22844
-0.433392
-0.30988
-0.483516
-0.321737
-0.0937619
-0.315899
-0.219783
-0.297865
-0.21385
0.0894295
-0.0236112
-0.224034
-0.271818
-0.390894
-0.560093
-0.436007
-0.170366
-0.126242
-0.26396
-0.275396
0.027042
-0.132264
-0.0152228
0.139455
-0.312524
0.255689
0.145564
0.190317
-0.0360803
0.569673
-0.339207
0.191995
0.0271972
-0.221486
-0.0501372
-0.0680273
0.0797369
0.0548041
0.284348
0.0665238
-0.0100312
0.113715
-0.266321
0.220796
0.0506068
0.379117
-0.0357303
0.257479
-0.0693542
-0.294205
-0.25778
-0.0954632
0.0524162
0.201556
0.0508753
-0.00590593
-0.56795
-0.055203
0.162743
0.0758114
-0.418998
0.00957477
0.0405611
0.00757253
0.386629
0.271778
-0.0276067
0.0628752
0.180893
0.0175688
0.0678461
-0.258292
0.310708
0.101499
-0.0752326
-0.0525411
0.0901433
0.161596
0.107336
0.10044
-0.4873
0.335197
0.0502435
-0.192622
0.208934
-0.025103
-0.20521
0.010638
-0.192232
0.429815
-0.120895
-0.175995
-0.0244327
0.370508
0.147615
-0.120957
0.0891974
0.294002
-0.436215
-0.0272772
0.10524
-0.441149
-0.0987632
0.074764
-0.285897
0.279712
0.253417
-0.0933869
0.479427
0.329864
0.158555
0.41845
0.237155
0.241804
0.059767
0.410358
0.399992
-0.1276
-0.0682647
0.034115
0.236663
0.304859
0.121537
0.209012
0.154938
-0.133857
-0.187752
0.251557
0.176789
-0.0897788
0.396442
0.210284
0.000772953
0.0411537
-0.149423
0.070574
0.27807
0.24318
0.300573
-0.557583
0.314932
-0.513515
-0.172965
-0.0243499
0.0590414
-0.0185265
-0.321423
-0.023757
-0.633228
-0.233504
0.0205241
-0.263778
0.160329
-0.0534927
-0.168536
0.0724767
0.0594648
-0.0359312
-0.00292265
-0.216673
0.301803
0.100749
0.0501444
0.151795
0.427954
-0.162877
0.222151
0.213022
0.164242
0.449686
-0.00257874
0.29439
-0.406539
0.354606
0.407074
0.195883
0.170865
-0.0175824
0.501801
0.112568
0.49673
-0.110039
0.23846
0.165584
-0.0766137
0.0846248
-0.178457
-0.322761
-0.0070554
-0.15935
-0.469167
-0.180544
-0.14847
-0.171214
-0.106191
-0.21603
0.0608398
0.21115
-0.25444
-0.362414
-0.07169
-0.120173
0.115868
0.206034
-0.175263
-0.198005
0.26023
0.187208
0.304737
-0.235234
-0.229443
-0.119948
0.405277
-0.0381305
-0.193421
0.071005
-0.306788
-0.211453
0.0335919
0.0284621
-0.538354
0.0571431
0.0768826
-0.190463
0.0142554
-0.149047
-0.133952
-0.211314
0.018281
-0.104128
-0.219381
0.0370603
-0.139139
-0.131886
0.108383
-0.139676
-0.00142574
0.0886798
-0.189043
-0.45084
-0.111721
0.101812
-0.105086
-0.0303394
-0.144568
0.0337063
-0.175197
-0.0650517
-0.0782012
0.0617135
-0.172163
-0.131222
0.405565
-0.118538
0.423684
-0.111933
0.311097
-0.0294057
-0.0981266
0.122411
-0.0142756
0.314108
0.168955
-0.0387039
0.693458
0.265427
-0.103366
-0.111372
0.0864537
0.272934
-0.144753
0.109846
0.383582
-0.302254
0.409151
0.330647
0.132261
0.0778803
0.0203124
-0.0651416
0.0384769
-0.418426
0.110943
-0.368842
-0.50808
-0.182045
-0.599258
-0.138061
-0.511489
-0.280695
-0.668093
-0.327886
-0.287743
-0.129118
-0.352719
-0.550761
-0.435828
-0.571944
-0.292491
-0.485931
-0.397517
-0.409776
-0.154
-0.215465
-0.220403
-0.33567
0.233419
-0.387213
-0.421148
-0.0411862
-0.0673258
-0.00182962
-0.512726
-0.558963
-0.335959
-0.237947
-0.331235
0.14274
0.204687
