-1
-1
-0.737193
-1.12574
-0.887402
-1.02814
-1.38188
-1.0518
-0.977476
-1.16031
-1.02389
-1.24333
-0.835743
-1.0968
-1.10244
-1.13687
-1.12661
-1.04803
-0.726259
-0.824825
-0.859887
-0.997307
-1.03466
-1.1732
-0.771224
-1.01069
-1.03034
-0.863195
-0.838169
-0.900028
-0.697317
-0.450517
-0.827852
-0.865228
-0.448941
-0.447292
-0.229155
-0.446987
-0.56019
-0.746564
-0.505396
-0.407115
-0.122197
-0.525686
-0.346657
-0.247161
-0.667959
-0.252139
-0.204384
-0.0115638
-0.236057
-0.224918
-0.177192
-0.16803
-0.22932
-0.0617216
0.232007
0.0327412
0.00681162
0.00508678
0.150621
-0.140963
-0.00295788
0.0806612
-0.169785
-0.124249
-0.0158759
-0.100648
-0.0458866
-0.310753
-0.0656549
-0.330783
-0.213357
0.100159
0.273053
-0.175388
-0.174593
-0.153454
0.124912
0.1587
-0.162437
-0.161131
-0.00167793
0.445735
-0.0342149
-0.164011
0.292105
0.280761
0.134286
-0.0717853
-0.0627596
-0.122957
-0.196632
0.478392
-0.111294
0.14226
0.618532
0.121338
0.386813
0.361674
-0.250434
0.650933
-0.0939518
0.399902
0.308686
0.138656
0.0430704
0.39207
0.667951
0.229643
0.546703
0.446941
0.389221
0.179288
0.189829
0.275784
0.53304
0.37906
0.499314
0.558421
0.333129
0.296285
0.727057
0.0560304
0.600519
0.237013
0.496334
0.266179
0.546986
0.786533
0.486685
0.489219
0.651173
0.291314
0.53484
0.504186
0.679165
0.511213
0.616629
0.258908
0.326109
0.0711746
0.502045
0.243711
0.916041
0.546376
0.494324
0.985623
0.438044
0.44335
0.748663
0.641464
0.353863
0.417316
0.432517
0.511853
0.426523
0.444428
0.472068
0.642403
0.546486
0.460802
0.189183
0.12755
0.471298
0.340419
0.476119
0.391523
0.438586
0.421696
0.300625
0.361177
-0.0241598
0.532612
0.559365
0.459074
-0.0569599
-0.0997964
0.498164
0.230366
0.358444
-0.000996411
0.272371
0.256653
0.480081
0.345785
0.355015
0.220713
0.173404
0.3434
0.189097
0.255672
0.104583
0.0177479
-0.247529
-0.0129125
-0.0128047
-0.02363
-0.316341
-0.160585
-0.262526
-0.252473
-0.386638
-0.534355
-0.234159
-0.273339
-0.402958
-0.328442
-0.175539
-0.461788
-0.128302
-0.279453
-0.0880235
-0.0886779
0.0377222
-0.327265
-0.0983261
-0.509596
-0.35751
-0.0390554
-0.194769
-0.0158477
-0.222253
-0.0923367
-0.0453032
-0.216106
-0.382967
-0.454214
0.0458167
-0.0242
-0.1634
-0.490682
0.0500332
-0.138172
0.204736
0.0375555
-0.390297
-0.153909
-0.266909
-0.0379329
-0.0832394
-0.572518
-0.0382262
0.0264832
-0.422747
-0.124964
-0.000336945
-0.509217
-0.457685
-0.148959
-0.218743
-0.224014
-0.169959
-0.0214828
-0.0847753
-0.168033
-0.0272716
0.439334
-0.176803
0.28638
0.0540416
-0.132089
0.249586
0.337773
0.041719
-0.169882
-0.0224438
-0.022035
-0.286424
-0.351725
-0.508373
-0.429618
-0.230122
-0.562371
