-1
-1
-0.987425
-0.920641
-1.02312
-0.885865
-1.01367
-0.971228
-1.0424
-1.07575
-0.971117
-1.01968
-0.944677
-1.03275
-0.957808
-0.934705
-0.966932
-0.997594
-0.967419
-0.938768
-0.843651
-0.954208
-0.571755
-0.612771
-0.583727
-0.725673
-0.537243
-0.411381
-0.505374
0.190793
-0.076705
-0.334204
0.0672644
0.522346
0.520477
0.521499
0.292917
-0.0172827
-0.086571
0.536697
0.19744
0.386853
0.237365
0.0947502
0.368909
-0.0400019
0.208271
0.0682433
-0.0181062
0.445494
-0.103841
-0.391459
-0.0881478
-0.191566
0.0108373
0.258934
0.129515
0.174017
0.110698
-0.0111263
0.0491974
-0.275849
-0.0323152
-0.313074
-0.147876
-0.216836
-0.216547
-0.110318
-0.151422
-0.112109
-0.37232
-0.0975986
-0.248477
-0.119838
0.082281
-0.378045
-0.303127
-0.244245
-0.105231
-0.20137
0.0910662
-0.125227
-0.135799
0.0807849
-0.123516
0.20959
-0.437113
0.236911
0.251
0.225658
0.283931
0.00415647
-0.123467
-0.196357
-0.297091
-0.14648
-0.12715
0.082875
-0.0990238
-0.162464
-0.176014
-0.136405
0.0864495
-0.224917
0.0913967
0.0244036
-0.00628233
0.00803852
0.096532
0.142531
-0.235462
0.0820061
-0.156888
-0.0517356
-0.0411116
-0.0863423
-0.227884
-0.0422329
-0.143614
-0.102651
-0.358183
0.0203769
-0.662417
-0.187734
-0.357264
-0.104949
0.0433828
-0.206094
-0.380336
0.0206249
-0.0462191
-0.272646
0.141112
0.363368
0.159258
-0.0149825
0.319157
0.199059
0.128097
-0.129703
0.381325
-0.0872576
0.0579096
-0.093591
-0.0989044
-0.0139849
-0.0884271
-0.0698369
-0.257197
-0.0431529
-0.287836
-0.168223
0.0588135
-0.0221436
-0.0932016
0.00368166
0.144191
-0.105477
0.0390474
-0.11177
0.0588831
0.0920098
0.301728
-0.313824
-0.127251
-0.106963
-0.0192769
0.0277302
-0.268577
-0.212954
-0.25009
-0.202635
0.0637524
0.0112935
0.0540159
-0.23899
-0.0966872
-0.245414
0.0622441
0.0429765
-0.238078
-0.479936
-0.414432
-0.272851
-0.464482
-0.525891
-0.373644
-0.422993
-0.386986
-0.453841
-0.524882
-0.452348
-0.381495
-0.398285
-0.525752
-0.279052
-0.315818
-0.233746
-0.384088
-0.194965
-0.330676
-0.105551
-0.0787362
0.170652
-0.0946095
0.0883566
0.0715954
0.282336
0.154723
0.0788068
0.395254
0.0107807
0.117003
-0.0922253
-0.309668
-0.0200878
-0.27904
-0.4613
-0.612823
-0.64648
-0.691282
-0.838962
-0.561545
-0.753486
-0.572351
-0.626376
-0.37445
-0.258151
-0.209874
-0.317545
