-1
-1
-0.937945
-0.965357
-0.969999
-1.05306
-0.990481
-1.07292
-0.999377
-0.650163
-1.01194
-1.16532
-1.08053
-1.02187
-1.13365
-1.12447
-0.998918
-1.17095
-0.809296
-0.930072
-0.980311
-0.833341
-1.00947
-1.0297
-0.835483
-0.760253
-0.655132
-0.791586
-0.619902
-0.512617
-0.602847
-0.173832
-0.318178
-0.215743
-0.297903
-0.22889
-0.112907
-0.438238
-0.147944
-0.278838
-0.187283
-0.202136
-0.208046
-0.175399
0.0424602
-0.0802925
0.0119891
-0.330585
0.0933599
-0.214035
-0.152695
0.133532
-0.116732
-0.101228
0.147273
0.029146
0.0161916
-0.150327
0.0227342
0.0297804
-0.10268
-0.269087
-0.0997494
-0.0406403
-0.000695586
-0.105459
-0.0916767
-0.187914
-0.0753794
0.156685
0.0595883
-0.203002
-0.222731
-0.13302
-0.335481
-0.231699
-0.0699518
-0.29872
-0.0400586
0.246014
0.0691272
-0.136469
0.122498
0.161831
0.114372
0.0596659
0.0145217
-0.132299
0.00799537
0.0960492
0.158042
-0.145743
0.165433
0.00226891
-0.305825
-0.15847
-0.153338
-0.259463
-0.144944
-0.136351
-0.20158
-0.034144
-0.149647
-0.0974876
0.20111
0.308489
-0.22033
-0.0070135
-0.113678
-0.259885
0.000760317
0.382671
-0.18231
-0.113201
-0.0378302
0.0286875
-0.287732
0.101067
0.085564
0.20979
0.213675
0.184961
0.0862575
0.212559
0.397914
-0.0292017
0.254036
0.0626762
0.324915
0.215242
0.089146
0.378958
0.4433
0.15183
0.0498252
0.0952706
-0.0606648
0.141101
-0.0696302
-0.0486132
-0.0486023
-0.0115938
-0.112316
-0.0968276
-0.0295478
-0.109875
-0.0252846
-0.140902
-0.176759
-0.250463
-0.031347
-0.0698504
0.0158111
0.0452579
-0.227158
0.0716972
-0.0828232
0.384388
0.10373
0.15
0.220622
0.107241
0.209147
0.328972
0.0510302
0.272682
0.183739
-0.0203719
0.0502731
0.204194
0.133618
0.16989
-0.051656
-0.311954
0.115758
0.261679
-0.0940912
-0.108048
-0.0399003
-0.104
0.0558612
-0.302599
-0.0837892
0.133486
0.0153922
0.057829
0.181215
-0.0781672
0.0141612
0.201521
-0.00204122
0.0165045
-0.07945
-0.0752847
-0.0758611
0.0304261
-0.0466464
-0.0331216
-0.217458
-0.109164
0.0221775
-0.253083
-0.205311
-0.152532
-0.302367
-0.0327874
-0.153185
-0.199489
-0.227408
-0.172543
-0.112193
-0.0959447
0.142302
-0.239461
0.155552
-0.134679
-0.0605924
-0.164663
-0.043302
-0.0934766
-0.0309703
-0.112006
-0.19012
-0.100618
-0.184535
-0.389351
0.0974673
0.0456976
0.0213155
-0.143042
-0.200503
-0.20523
-0.00651842
-0.081831
0.0245315
-0.0189629
0.0246164
-0.262723
0.0346129
-0.0319123
-0.205687
-0.430262
-0.326736
-0.510941
-0.455367
-0.136939
-0.374344
-0.170955
-0.326823
-0.314693
-0.387157
-0.267429
-0.182806
-0.0323694
-0.181421
-0.1275
-0.014448
0.127346
0.0340492
0.112207
-0.11076
-0.113924
-0.0646708
-0.200308
-0.0954331
-0.144017
-0.136901
-0.279396
0.155839
-0.0663268
-0.351143
-0.0186729
-0.100907
0.00644505
-0.0636661
-0.129029
-0.210005
-0.0860758
-0.259176
-0.202138
-0.113016
-0.136493
-0.329044
0.121712
-0.203771
-0.0600963
0.0591965
-0.136717
0.236895
0.366595
