-1
-0.993366
-0.938177
-0.934504
-1.01603
-0.980487
-1.09545
-0.913169
-0.981874
-0.963391
-1.08078
-0.997813
-0.994939
-0.968784
-0.986714
-0.976319
-0.96772
-0.990757
-0.878808
-0.833562
-0.822843
-0.7627
-0.681352
-0.615161
-0.562493
-0.411961
-0.31704
-0.521209
-0.395603
-0.383088
-0.42147
-0.243089
-0.284767
-0.146918
-0.257936
-0.616395
-0.106903
-0.3703
-0.12483
-0.298162
-0.341382
-0.0314822
-0.23499
-0.191211
-0.50965
-0.037016
-0.210154
0.404306
-0.354513
0.0774307
0.153329
-0.109661
-0.0471047
0.406783
-0.24174
-0.0768027
0.121857
-0.198282
0.250714
-0.00321555
0.112628
-0.240402
-0.0850512
0.10707
-0.0897734
-0.107553
-0.0114762
0.0332651
0.127603
0.128981
-0.236997
0.00485671
-0.0987837
0.292782
-0.0171435
0.245725
-0.0718781
-0.0500857
0.03512
-0.214225
-0.269197
-0.0336413
-0.118656
-0.0341533
0.118127
0.256132
0.0158206
0.315132
0.0220071
0.0704615
0.155443
0.340901
0.24247
-0.155199
0.168919
0.123082
0.0682291
0.230618
0.132591
0.426807
-0.245948
-0.441202
-0.236263
-0.0455238
0.0253599
-0.462986
-0.158565
-0.0808981
-0.324443
0.0536754
0.275395
-0.0135667
-0.265613
0.104601
-0.181908
0.0521841
-0.0823215
-0.0363432
-0.131293
-0.060456
-0.103509
0.175799
-0.0684044
0.230812
0.0796261
0.0742768
0.270873
0.296508
0.118022
0.300693
-0.448091
-0.0372795
-0.0439217
-0.233226
-0.017881
-0.373032
0.0067004
-0.260432
-0.322525
-0.0937546
-0.305548
-0.176454
-0.173198
-0.20418
0.05564
-0.218195
-0.131653
-0.0959966
-0.211988
-0.260919
-0.0656999
-0.164555
-0.183261
-0.151851
-0.0849145
-0.120237
0.094772
-0.0937399
-0.316484
0.0187188
-0.24583
-0.25908
-0.148643
-0.130177
-0.0656642
0.0936675
-0.195214
-0.16576
-0.0100264
-0.178365
-0.341355
0.188229
0.0319201
0.0976973
0.175999
-0.133268
0.0287521
-0.264845
-0.338006
-0.354323
0.17323
0.0231091
-0.11733
-0.17269
-0.302235
-0.0136724
-0.346071
-0.197712
-0.305645
-0.143828
-0.379655
-0.276897
-0.498374
-0.263015
-0.257446
-0.686635
-0.49845
-0.493986
-0.447594
-0.0772267
-0.52855
-0.217878
-0.194433
-0.0373626
-0.129244
-0.254051
-0.111379
-0.0972006
-0.134849
-0.327435
-0.299375
-0.0661165
-0.162583
0.0383258
-0.289115
0.105365
-0.00646442
-0.180827
-0.31515
-0.0299398
-0.195129
-0.219666
-0.0419792
-0.221954
-0.297241
-0.406292
-0.131118
0.0537875
-0.0450358
0.0174479
0.0562625
0.0437013
0.0954303
0.0505728
0.147858
-0.252595
-0.0081442
-0.455175
-0.22215
-0.449594
-0.362172
-0.529033
-0.494949
-0.452254
-0.6585
-0.625075
-0.571665
-0.597035
-0.691691
-0.634847
-0.611244
-0.525559
-0.449331
-0.364568
-0.370222
-0.426477
-0.445693
-0.07908
-0.277736
-0.172783
-0.401668
-0.0281733
-0.0350328
-0.277772
-0.145446
-0.296368
-0.206449
-0.23083
0.0958128
-0.149079
-0.336933
0.00374818
-0.0743867
-0.280786
-0.232444
-0.297926
-0.286668
0.083387
