-1
-1
-1.0293
-0.952943
-0.98455
-0.927397
-1.00367
-0.962386
-1.00289
-0.982062
-1.02222
-1.05329
-0.949919
-1.01867
-0.968569
-0.897874
-0.966481
-0.950953
-0.863629
-1.06769
-0.985916
-0.921598
-0.962194
-0.795268
-0.705563
-0.824281
-0.626118
-0.677506
-0.365855
-0.193984
-0.463894
-0.0326296
0.00653756
-0.149652
0.151933
-0.0613538
-0.10118
-0.00930053
-0.0484008
0.225826
-0.0098896
-0.0553799
0.580102
-0.159474
-0.205809
0.494811
0.027213
0.062848
0.352632
-0.197342
0.183645
0.604906
0.520186
-0.122201
0.170726
0.297456
0.146639
0.12578
-0.163901
0.0684037
-0.0165237
0.149517
0.363386
-0.236112
0.180827
0.174928
0.0628581
0.0732118
0.371078
0.171089
0.0333923
-0.0642852
-0.284709
-0.356285
-0.327732
-0.373328
-0.356867
-0.143496
-0.208559
0.0020417
-0.219948
-0.396946
-0.536872
-0.503758
-0.0829064
-0.231904
-0.269479
-0.29334
-0.212515
-0.147498
-0.158262
-0.073199
-0.0513451
-0.162672
0.234893
-0.086294
-0.480679
-0.212424
-0.267033
0.168871
0.1956
-0.251041
0.0320799
-0.0424927
0.107875
0.0574626
-0.140173
-0.142041
0.0985004
0.204064
-0.133852
0.156246
-0.412152
-0.289577
0.480032
0.122367
-0.120793
-0.110685
-0.0796438
0.204417
-0.00365245
-0.00415158
0.405439
-0.2679
-0.0719926
-0.293595
-0.068176
0.00962377
-0.0579084
-0.254627
-0.180209
-0.131958
-0.241795
-0.0564798
0.0817218
-0.182182
-0.123754
-0.131343
0.0118549
0.0865431
0.0213319
-0.455826
0.0597326
-0.185158
0.114362
-0.0725265
-0.0289229
-0.236169
-0.0796548
0.333089
0.0914426
0.15842
-0.0684785
0.120229
-0.071318
0.0945724
0.20293
-0.138287
-0.270539
-0.422429
-0.359137
-0.0576578
-0.131258
0.0918375
-0.442761
-0.0731223
0.128339
-0.26452
-0.0840065
0.0489606
-0.181467
0.367026
-0.097931
-0.41784
0.00748706
-0.0782045
-0.13413
-0.385006
0.201474
-0.194771
0.117078
0.177446
0.306476
0.106107
-0.201827
-0.126415
0.0158057
0.0657067
0.0468645
0.0716839
-0.465584
-0.328132
0.0341369
-0.133262
-0.196069
-0.399323
-0.266872
-0.370717
-0.409789
-0.283082
-0.479154
-0.500002
-0.578576
-0.450738
-0.500461
-0.25642
-0.508719
-0.60909
-0.302924
-0.216167
-0.181809
-0.255025
-0.30147
-0.125642
0.062663
0.0692782
0.112877
0.0221972
0.0830958
0.418081
-0.0533852
-0.152506
-0.279826
-0.235844
-0.253536
-0.425721
-0.665635
-0.758079
-0.665308
-0.628202
-0.617082
-0.684485
-0.634798
-0.515568
-0.586831
-0.614693
-0.42301
-0.674185
-0.187101
-0.149508
-0.11366
0.229443
-0.183358
-0.132453
-0.089197
-0.0114647
-0.352536
-0.346881
0.14412
0.159789
-0.0727704
0.0095197
