-1
-1
-1.02197
-1.09491
-1.00201
-0.957324
-0.90518
-1.01004
-1.04613
-0.972489
-1.106
-1.0477
-1.113
-1.05399
-0.967685
-1.05773
-0.961543
-1.08043
-0.95352
-0.971153
-0.912308
-0.950327
-1.08124
-1.0031
-0.80426
-0.614728
-0.371246
-0.612099
-0.604799
-0.395145
-0.407826
-0.351615
-0.120932
-0.312469
-0.32617
-0.175484
-0.184375
-0.325021
-0.0975907
-0.334923
-0.141851
-0.0118062
0.42352
-0.236171
0.0804046
0.263369
0.0652877
0.0570797
0.226033
-0.0889664
0.173418
0.0578336
0.215486
0.202012
-0.096661
0.178864
0.00525725
0.390471
-0.192801
0.119984
-0.0289251
0.105388
-0.0698473
-0.193641
-0.152734
0.0255805
-0.302547
-0.0694208
-0.181321
-0.16741
-0.081405
-0.0259176
-0.132528
0.117548
-0.147463
0.112556
0.135343
-0.193613
-0.0816405
-0.288469
-0.0639301
0.211895
0.122922
-0.0149341
0.346994
0.10897
0.109968
0.237899
0.01153
0.262884
0.197681
0.0373305
-0.136466
0.00334513
0.2112
0.0918647
-0.0370535
-0.250583
-0.172309
0.0729403
0.142581
-0.00961244
-0.183391
0.0984846
-0.277414
0.0127604
0.0251809
0.197022
-0.288249
0.149765
0.0308852
0.0666877
0.175686
0.274621
0.222531
0.198716
0.146902
-0.0744033
-0.0598484
-0.00745469
-0.0379322
-0.173521
-0.255781
-0.259713
-0.129888
-0.194991
-0.172817
-0.211747
-0.103789
-0.167915
-0.0695421
-0.277724
-0.317279
0.0344054
0.068035
-0.0488517
-0.0538544
-0.183551
0.00978613
-0.068988
-0.139637
0.0150722
-0.008425
-0.130974
-0.440471
-0.0559276
0.116623
0.0783526
-0.201658
0.0437952
-0.0617995
0.000412822
0.10472
0.119123
-0.236208
-0.0374721
-0.0971958
0.222737
-0.106901
-0.0987937
-0.233899
-0.429459
-0.306782
-0.217066
-0.274985
-0.204149
-0.121877
-0.13334
-0.0154172
-0.124676
0.0533249
-0.0311431
-0.242875
-0.154003
-0.339613
-0.0319344
-0.169173
-0.0324636
-0.120491
-0.0711667
0.0479721
-0.219462
0.0201044
0.0395344
0.12422
0.152527
0.0369565
-0.0522401
0.108865
0.227364
0.240025
-0.151508
-0.183441
-0.403452
-0.399833
-0.295673
-0.395952
-0.332937
-0.32121
-0.434944
-0.219883
-0.171238
-0.0844497
-0.254726
-0.292998
-0.163064
-0.282029
-0.373437
-0.279976
-0.18377
-0.311696
-0.121647
-0.202411
-0.201274
-0.0969263
-0.0688699
-0.125083
-0.467709
-0.232371
-0.395867
-0.160793
-0.22882
-0.173387
-0.19679
-0.264641
-0.103196
-0.438768
0.00288236
-0.0489723
-0.234132
-0.103301
-0.0190666
-0.358018
-0.0321066
-0.0703125
-0.233535
-0.236648
0.107002
0.105195
0.0364413
0.0514772
-0.0671122
0.229936
0.236953
-0.257918
0.0809716
-0.0512822
0.344309
0.0143678
-0.151455
0.0969658
0.10866
-0.0944569
-0.269417
-0.110213
-0.18692
-0.207921
-0.473984
-0.428363
-0.665234
-0.307137
-0.503868
-0.467429
-0.272042
-0.269657
-0.148883
-0.317998
-0.383134
