-1
-1.00446
-1.05455
-0.956062
-0.966688
-1.02572
-0.98353
-1.03341
-0.942106
-1.06603
-1.14466
-0.922065
-0.949002
-1.02496
-1.01655
-1.08676
-0.886645
-0.816263
-0.93461
-0.897047
-0.856329
-0.713136
-0.425164
-0.681955
-0.61496
-0.210625
-0.167403
-0.394005
-0.304601
-0.533704
-0.16627
-0.140704
-0.266928
0.192675
0.126564
-0.18754
-0.404394
0.113599
0.16089
-0.237572
0.102483
0.052489
-0.373055
0.259747
0.0674783
-0.123848
0.0447651
-0.12533
-0.237357
-0.215
-0.146747
-0.142251
-0.257788
-0.0926127
-0.224206
-0.135312
-0.299932
-0.124743
0.0459819
-0.175645
-0.150939
0.107929
-0.620301
-0.219791
-0.462415
0.348761
0.0183388
-0.130519
0.0436438
-0.0855898
-0.0856732
0.0119731
-0.380836
0.156669
0.265294
0.1198
-0.244217
0.0254803
-0.01911
0.159802
-0.360418
-0.034802
0.139254
0.0140382
0.376734
-0.450249
-0.361309
0.0226699
0.155062
0.0266874
-0.11419
-0.208325
-0.240501
-0.0541545
-0.131043
-0.203445
-0.102003
-0.374168
-0.355137
-0.152297
-0.227731
0.122155
-0.17949
0.247359
0.105883
-0.236691
0.137352
0.0906817
0.545854
-0.0468031
-0.0338722
-0.16162
0.249889
-0.315015
0.0113891
-0.0208926
-0.528286
-0.362212
-0.0692611
-0.438879
-0.00363576
-0.130151
-0.261592
-0.328537
-0.289192
-0.122262
-0.281931
0.0431592
0.246677
0.124129
0.105432
0.0531516
-0.0337599
0.0413475
-0.282129
-0.358838
-0.396967
-0.215544
-0.577566
-0.303783
-0.646445
-0.185026
-0.470672
-0.77282
-0.501254
-0.507692
-0.343323
-0.462066
-0.56161
0.0194557
0.0205157
-0.190503
-0.361021
-0.235716
-0.0988305
-0.255147
-0.183219
-0.421839
-0.311881
-0.305392
-0.258342
-0.358432
-0.339315
-0.127498
-0.524091
-0.398812
-0.48344
-0.196216
-0.212795
-0.29303
-0.333964
-0.0899115
-0.0917925
-0.224013
-0.192108
0.54857
0.181725
-0.313374
0.324985
0.318682
-0.0901383
-0.156313
-0.288153
-0.180728
-0.334944
-0.440183
-0.39313
-0.186002
-0.247574
-0.348012
-0.393416
-0.155593
-0.152742
-0.0867825
-0.0813822
-0.296587
-0.359761
-0.192687
-0.235611
-0.0936007
-0.175918
-0.0620844
-0.23657
-0.372051
-0.21886
-0.160245
0.134616
0.0482535
-0.0670241
0.17311
0.758643
-0.338871
-0.23617
-0.17791
-0.317546
-0.324831
-0.161645
-0.176073
-0.316909
-0.359993
-0.533353
-0.17748
-0.446648
-0.378367
-0.318519
-0.356952
0.221678
-0.0017854
0.275406
-0.0795146
-0.298049
-0.166498
-0.0463731
-0.10116
-0.475117
-0.2099
-0.433311
-0.495697
0.0687625
-0.370928
-0.474879
-0.346766
0.0249302
-0.463034
-0.0375199
-0.424364
0.0924007
0.0059824
-0.166586
0.195501
