-1
-1
-1
-0.931808
-1.03285
-0.999105
-0.975191
-0.923395
-0.886964
-1.01229
-0.956351
-0.934185
-1.01724
-0.993349
-1.00971
-0.980564
-0.867401
-1.05057
-0.987159
-0.920954
-0.956471
-1.03679
-0.983518
-0.958879
-0.847112
-0.864533
-0.877428
-0.727165
-0.787813
-0.711155
-0.546192
-0.733752
-0.449381
-0.56801
-0.47693
-0.28597
-0.412556
-0.453966
-0.280371
-0.158037
-0.752272
-0.131973
-0.506624
-0.195711
-0.196044
-0.234838
-0.213819
-0.277535
-0.374606
0.049632
-0.303698
-0.038778
-0.11912
-0.518077
-0.32519
-0.391545
-0.121513
-0.309464
-0.168515
-0.210181
-0.0831101
0.383651
-0.264661
-0.101993
0.177559
0.226164
0.213415
-0.150839
0.265512
0.0285814
0.141529
0.243352
-0.252345
-0.30994
0.0135571
-0.123546
-0.0916646
-0.232775
-0.142404
-0.135343
-0.135922
0.220913
-0.235524
-0.375584
-0.252816
0.161034
-0.235554
0.335661
0.240451
0.298169
-0.152874
-0.180427
0.0842748
0.460004
-0.140761
0.458025
0.127118
-0.402074
-0.28308
-0.187374
0.0932267
-0.0586332
0.313486
-0.0382438
-0.421164
0.333961
-0.157634
0.223435
0.314975
-0.0989726
0.0686994
0.199825
0.565042
0.406081
0.707614
0.589461
0.195876
0.555863
0.0407805
0.678874
0.029022
0.210888
-0.0453003
0.276985
0.29486
-0.180623
0.132007
0.113906
0.244334
-0.0525085
0.0689887
0.230511
-0.254047
0.00962436
-0.431618
-0.184978
0.212145
-0.024715
-0.383832
0.470292
-0.260088
0.517116
0.145222
-0.343923
-0.201298
0.00632143
0.0254598
0.028219
-0.0729156
-0.121772
0.00623739
0.814537
0.395999
-0.250173
-0.348087
0.252953
-0.446493
0.10647
0.149403
0.218262
-0.221018
0.0203036
0.120922
0.00141358
0.070436
0.128697
-0.0194936
0.211775
0.0583081
-0.107169
-0.192947
0.00737584
0.148081
0.0114733
0.00217652
0.12184
-0.106829
-0.392214
0.400265
-0.0879319
0.229358
-0.0182402
0.321216
0.113952
-0.49876
-0.255462
-0.272892
-0.122455
-0.15764
0.0360844
-0.197037
-0.0089277
-0.143199
-0.078137
0.418321
-0.326985
-0.0918856
-0.428629
-0.56412
-0.170285
-0.545374
-0.117718
-0.430922
-0.0684618
-0.0786009
-0.0987846
-0.0187372
-0.13842
-0.243148
-0.343871
-0.331507
-0.260662
-0.211151
-0.168814
0.120247
-0.712258
0.200875
-0.0764589
-0.146183
0.0708095
0.400729
-0.0283605
0.0734025
0.270942
0.330361
0.316032
-0.0540025
0.320054
-0.378792
-0.254031
0.152818
0.285471
0.131351
0.165646
-0.0775023
0.114716
0.771736
0.216779
0.439727
0.619599
-0.108409
-0.0917357
-0.274579
0.0249116
0.322649
0.177552
-0.127318
-0.307951
-0.550571
-0.280157
-0.325415
-0.264874
-0.625359
-0.538503
-0.336467
-0.520998
-0.403941
-0.212157
-0.452359
-0.456628
-0.46532
-0.48114
-0.40566
-0.38778
-0.60662
-0.119181
-0.469869
-0.324818
-0.410484
-0.41799
-0.228526
-0.563679
-0.0307776
-0.337835
-0.268934
-0.372798
-0.14998
0.165589
-0.395123
-0.351484
0.302109
-0.167191
-0.281751
-0.350544
-0.0891672
-0.465645
0.0633764
0.346388
-0.141373
-0.27545
0.0905385
-0.0226952
-0.13597
-0.258054
-0.332503
0.0673459
0.209946
0.0724488
0.272007
0.0110648
-0.163047
-0.162001
0.134253
-0.0195867
-0.375541
-0.361041
-0.222158
-0.404839
-0.513543
-0.27326
-0.649985
-0.35801
-0.11415
-0.3059
-0.350563
