-1
-1
-0.922862
-1.03856
-0.928868
-1.03066
-1.15666
-0.99929
-1.05839
-0.883424
-1.03768
-1.13071
-1.10247
-1.05971
-0.846857
-0.985379
-1.01072
-0.921138
-0.860043
-0.928115
-1.05451
-0.990768
-1.00361
-0.853716
-0.751234
-0.882438
-0.86517
-0.637677
-0.63818
-0.413595
-0.428781
-0.437353
-0.094062
-0.29891
-0.448398
-0.242632
-0.43781
-0.367977
-0.300978
-0.250437
-0.155791
-0.273971
-0.110737
-0.156572
-0.109927
-0.311938
-0.264269
-0.204673
-0.0809004
-0.241629
-0.0578129
0.0614125
0.148107
0.165782
-0.202379
0.0295333
-0.000913501
0.0922854
-0.0260958
-0.042422
-0.111099
0.0668718
-0.0410644
0.165418
0.0454081
0.114384
0.126631
0.122545
0.299376
0.0701007
0.220511
0.110235
0.206403
-0.0791974
0.0726088
0.125291
0.162563
0.124169
0.157873
0.00878489
0.000340581
-0.061828
-0.0149376
-0.0140219
0.0305871
-0.0627906
-0.0575745
0.00219238
0.00731361
-0.048066
-0.0485948
-1.59144e-05
-0.0782696
-0.100898
-0.146597
-0.122097
-0.00988781
0.0512774
0.0855041
-0.0385394
0.113943
0.100941
-0.0663105
-0.0378771
0.11391
-0.0225738
0.131198
0.110841
0.0989422
0.128725
0.0601128
0.213178
0.141623
0.217571
0.0536702
0.105358
0.217852
0.17455
0.205488
0.0393304
0.221775
-0.0691308
-0.0254697
-0.0908067
-0.164428
-0.0404187
-0.0703763
-0.192252
-0.177038
-0.163213
0.0466634
-0.229555
-0.0705831
-0.0166985
-0.139416
-0.207133
-0.171966
0.038329
-0.0442047
-0.0406142
-0.0426138
-0.0163723
-0.0681496
0.0388367
-0.00245929
0.161935
0.316122
0.232675
0.160993
0.341427
0.182379
0.239309
0.382814
0.120769
0.221891
-0.0687561
-0.0469742
0.137772
0.0572312
0.0683019
-0.109088
-0.0656582
-0.122665
-0.0604752
-0.0745161
-0.144989
-0.187527
-0.157351
-0.0748681
0.0826447
-0.0978674
0.00546908
-0.0424859
0.164714
0.13453
0.107697
0.0404892
0.0599401
0.20409
0.0737878
-0.0133664
-0.158892
-0.0550302
-0.120121
-0.234738
-0.167818
-0.0942619
-0.17305
-0.288219
-0.314678
-0.133126
-0.165213
-0.204511
-0.0927649
-0.166283
-0.108719
-0.0644089
-0.105816
0.0681876
-0.14275
-0.0162643
-0.0264623
-0.0985094
-0.0669829
-0.0191921
-0.139865
-0.0499844
-0.0622825
0.0935943
-0.0587277
-0.184828
0.0134772
0.0293388
-0.009588
-0.0751092
-0.0399048
-0.182177
0.0880643
0.0605611
-0.124684
-0.131416
0.0724328
-0.112123
0.0531839
0.204915
-0.123666
0.0622876
-0.0790799
-0.0647043
-0.162642
-0.236585
-0.258927
-0.231188
-0.279081
-0.402245
-0.430837
-0.547712
-0.450558
-0.564343
-0.69241
-0.363604
-0.351105
-0.331231
-0.23873
-0.390654
-0.260532
-0.414725
-0.321764
-0.190646
-0.233434
-0.409233
-0.234382
-0.299606
-0.0055989
0.0300806
-0.0991524
-0.0624024
0.129612
-0.0228669
0.179828
0.197344
0.268097
