-1
-1
-0.748142
-1.24892
-0.809802
-0.831454
-1.00179
-0.939698
-1.15818
-1.00767
-1.09141
-1.07058
-0.943095
-1.0023
-1.10077
-0.727133
-1.04471
-0.909572
-1.00398
-1.21487
-0.916539
-1.0728
-1.27698
-0.894643
-0.677452
-0.751282
-0.498802
-0.802005
-0.547014
-0.620601
-0.512536
-0.644117
-0.361598
-0.479911
-0.548571
-0.397142
-0.403584
-0.217151
-0.545263
-0.237156
-0.406642
-0.232578
-0.111096
-0.283027
-0.275387
-0.177419
-0.0681016
-0.0963538
-0.133603
0.0197469
-0.255737
-0.00790524
-0.239873
-0.12951
0.0528995
-0.119518
-0.0394085
-0.0935862
0.088306
-0.076694
0.0923822
-0.160573
-0.17424
-0.0231661
-0.140242
-0.106494
-0.112519
0.00327504
0.106653
-0.081284
0.223327
-0.180042
0.220692
0.00718856
0.174906
0.0680314
0.205589
0.117396
0.0142193
0.150667
0.0108718
0.0778334
0.231052
0.132147
0.178183
0.216593
0.0178721
0.187695
0.0744752
-0.142556
0.0400635
0.174197
-0.0524567
0.213604
0.0610482
0.0715729
0.0582372
-0.0592446
-0.198462
-0.00880164
-0.261095
0.0851953
0.0503746
-0.101653
-0.142472
0.135287
-0.224667
-0.139865
-0.180744
-0.186804
-0.339496
-0.102813
0.262687
0.0476718
0.0882148
0.0119822
0.161747
0.0171205
0.0963677
-0.0184547
-0.162818
-0.0471416
0.0494109
0.0204951
0.11158
-0.0666171
-0.0664576
-0.139342
0.0467873
-0.0789635
-0.399014
0.048112
0.0509238
0.0229698
-0.0377812
-0.112194
-0.171501
0.151651
0.0310189
-0.0464017
-0.0908986
0.202698
-0.0714458
0.0262742
-0.101749
0.00325191
-0.187777
0.0556095
0.183636
-0.221595
-0.0964832
-0.178363
0.0572075
-0.0418912
-0.0671533
0.0636567
-0.0169494
-0.191972
0.0290965
-0.153865
0.262053
0.0277586
-0.103097
0.149635
0.340638
-0.0701953
0.0878618
-0.00393146
-0.0116981
0.14773
0.321314
0.345159
0.274166
0.196025
0.13893
0.318769
0.0850788
-0.014389
0.117155
0.223589
0.230764
0.114872
-0.0828198
0.0155075
0.00718975
-0.242567
0.114705
0.00964355
-0.00191998
-0.0855363
0.0690438
-0.128276
0.021723
-0.222832
-0.213467
-0.00156367
-0.284021
-0.178388
-0.320084
-0.180403
-0.0551047
-0.0606582
-0.110943
0.128455
-0.0708144
0.0519276
-0.0151363
0.00863278
0.11712
0.151579
0.0376064
0.107228
0.162046
-0.113225
0.120086
-0.442029
-0.314927
-0.227644
-0.0905699
-0.106685
-0.339679
-0.456002
-0.146303
-0.374539
-0.325847
-0.1818
-0.138134
-0.305427
-0.462778
-0.172474
-0.329161
-0.442835
-0.115795
-0.291542
-0.17353
-0.00737995
-0.348423
-0.218501
-0.0951108
-0.198414
-0.0768445
-0.0887341
-0.235162
-0.346588
-0.27036
-0.143118
-0.47017
-0.33972
-0.168915
-0.00901771
-0.168772
-0.0449876
0.00272202
0.0446769
0.0504938
-0.0673838
0.0942422
-0.0962681
-0.091792
-0.0681283
-0.0390631
-0.0362983
-0.110229
-0.114363
0.181072
-0.0655028
-0.0728524
0.113192
0.110875
0.0735712
0.204993
0.195167
0.182289
0.0574971
0.331641
-0.0636783
-0.288895
-0.0320849
-0.0585496
-0.178179
-0.087197
-0.0199447
-0.233837
-0.060923
-0.120952
-0.425964
-0.340094
0.023663
0.0371484
0.00730157
-0.030937
-0.0227657
0.0268008
0.212451
0.191465
-0.0305163
-0.0834007
-0.335905
-0.0276992
-0.189496
-0.146974
-0.424094
-0.354662
-0.405315
-0.5394
-0.382021
-0.591595
-0.429437
-0.571473
-0.693656
-0.736046
-0.671106
-0.603776
