-1
-1
-1
-0.995731
-0.957494
-1.01804
-0.93065
-1.0571
-0.953199
-0.983801
-0.945901
-0.958122
-0.893766
-0.945135
-0.996431
-1.0362
-1.04254
-1.03267
-1.01191
-0.935949
-0.966416
-0.988634
-0.977804
-1.06933
-0.93965
-0.915476
-0.862844
-0.836273
-0.693884
-0.580654
-0.807579
-0.726264
-0.627332
-0.473786
-0.440525
-0.51627
-0.321388
-0.472264
-0.325144
-0.385766
-0.176621
-0.453909
-0.202409
-0.119747
-0.26594
-0.0242225
0.0805647
-0.203296
-0.0770144
-0.200264
-0.318884
-0.403368
-0.116271
-0.0860545
-0.175632
-0.489503
-0.12374
-0.0950534
0.195039
-0.279413
-0.213913
-0.146562
-0.0908242
-0.09387
-0.00368643
0.386695
-0.170465
0.256918
0.103527
0.0856483
-0.106917
-0.115461
0.176534
0.174575
0.266098
0.405213
0.381024
0.14618
0.179559
0.268523
-0.139167
-0.0927523
-0.0825601
0.141695
-0.0456555
0.0588158
0.00431919
0.30842
0.0597326
0.0938991
-0.0103792
0.216884
0.113578
0.260256
0.398153
-0.147125
-0.196399
-0.132067
0.291368
0.134813
-0.066853
0.210743
0.528346
0.0329092
0.126308
-0.0824322
0.305996
0.252392
0.0368366
0.0366489
0.34418
0.318066
-0.108993
0.280993
0.299021
-0.0123607
0.0115696
0.535344
0.154877
0.31202
0.265535
0.084754
0.0535928
0.365572
0.407562
0.0115936
-0.0559827
0.21685
-0.0184333
-0.197423
-0.336516
-0.101198
-0.0213106
-0.0702317
0.217553
0.592251
0.140731
-0.0949004
0.136975
0.30859
-0.19442
-0.265968
-0.146914
-0.160702
-0.103401
0.565987
0.33577
0.577429
0.24182
0.410333
0.386148
0.124323
0.284562
0.00708914
0.3555
0.282095
0.362245
0.492071
0.352429
0.678262
0.197361
0.148055
0.16001
0.210854
0.465181
0.388214
0.157069
0.145697
0.101588
0.138827
-0.149246
0.196165
0.122691
0.038143
0.125679
-0.18034
-0.100083
0.206904
-0.0673118
-0.320455
0.0618938
-0.129886
-0.42882
-0.440275
-0.398381
-0.095598
-0.0104486
0.236884
-0.120085
-0.180074
-0.0996536
0.0595356
0.0689061
-0.295689
-0.129885
0.315814
0.0388863
-0.257687
0.077292
-0.192158
-0.0760026
0.183694
-0.168573
-0.0485693
-0.164891
-0.194933
0.0656818
0.071614
-0.0980522
-0.117303
-0.126498
0.0377444
0.166878
0.215983
-0.071618
0.209358
0.175861
-0.0555594
-0.15267
-0.129049
0.0331963
-0.139359
-0.00752199
-0.0786486
-0.224712
-0.22606
-0.221139
-0.193085
-0.486767
0.00901186
-0.123052
-0.233693
-0.420384
0.0885639
0.0139804
0.109918
-0.186955
-0.0185443
-0.0329897
-0.294073
0.274871
-0.146967
0.456344
-0.218338
-0.117339
0.0327961
0.235417
0.00903976
-0.297152
0.191409
-0.0277167
0.149694
-0.0911344
0.144771
0.343724
-0.0673922
-0.291022
0.295913
-0.329946
-0.193759
-0.106687
-0.314292
-0.178744
-0.363172
-0.308625
-0.679852
-0.254072
-0.480599
-0.242099
-0.51361
-0.445438
-0.343494
-0.453589
-0.291043
-0.517485
-0.296541
-0.571755
-0.421265
-0.526327
-0.45312
-0.519817
-0.608274
-0.471196
-0.463822
-0.580088
-0.590284
-0.547044
-0.645033
-0.627129
-0.588145
-0.550086
-0.49484
-0.659423
-0.360502
-0.470973
-0.486839
-0.580132
-0.467354
-0.439651
-0.0698974
-0.498729
-0.21987
-0.293889
-0.13351
-0.030917
0.109097
0.0332299
-0.0741445
0.209503
-0.115262
0.0739119
0.215342
