-1
-0.945957
-1.00627
-0.868974
-0.973853
-0.727801
-1.02862
-0.963761
-0.86372
-1.01931
-1.02389
-1.03267
-1.08929
-0.994225
-1.02898
-0.994973
-1.22019
-0.878428
-0.920588
-1.03098
-1.08956
-0.986454
-1.10178
-0.850516
-1.01691
-0.96487
-0.751601
-0.781521
-0.637921
-0.682717
-0.636167
-0.610253
-0.514306
-0.336444
-0.303674
-0.141432
-0.37141
-0.634058
-0.578201
-0.19246
6.09159e-05
-0.0582448
-0.142293
-0.0432051
0.17235
-0.309285
-0.280045
-0.0719241
0.0964265
-0.257518
-0.237688
-0.195872
-0.0752461
-0.202255
-0.328677
-0.252982
0.396397
-0.438486
0.0494509
0.0559722
-0.158265
-0.114998
-0.124992
-0.0702498
-0.140659
0.345273
-0.234818
0.351131
0.277149
0.422982
-0.023126
0.140504
0.33954
-0.0859755
0.323494
-0.262751
0.262676
0.0138828
-0.0149581
-0.0452104
0.216162
-0.475322
-0.228201
0.0411904
-0.0680502
-0.0800595
-0.267449
-0.0225813
-0.425583
0.288834
0.116385
0.0653421
-0.192544
0.251378
0.0310806
0.0160599
-0.172663
0.112417
0.00999069
-0.384662
-0.0236396
0.29141
-0.303875
-0.356014
0.00160086
0.178696
0.172675
-0.155299
0.280427
0.202969
-0.0788616
0.122325
0.0281849
-0.320303
0.0944997
-0.212753
0.290184
0.14104
-0.466564
-0.0571021
0.116527
0.0636263
-0.00366718
-0.140863
0.606696
0.0131607
-0.104496
-0.201914
0.05011
0.0278935
-0.146533
-0.126898
0.126522
-0.264635
0.501667
-0.228945
-0.162519
-0.233494
0.147305
0.17327
0.200378
0.233225
0.509809
-0.0910921
0.407042
-0.347396
0.240353
0.187132
0.376638
0.422826
0.585501
0.316445
-0.347647
0.463005
0.465407
0.428246
0.630634
0.442766
0.0429233
0.288393
0.465504
-0.125859
-0.00625461
0.165831
-0.207406
0.408842
0.208436
-0.0259621
-0.2246
-0.138383
0.128742
-0.158965
0.280723
-0.0482396
0.264615
0.400197
0.472808
-0.0313533
0.331236
0.0321002
-0.0518577
0.258078
0.263678
0.106368
0.0284381
0.401213
0.22042
-0.0075109
-0.141639
0.0746597
-0.381285
0.149001
-0.1871
-0.044561
-0.113665
-0.205914
0.240639
0.0373757
-0.0455238
-0.110902
-0.0826297
-0.0983486
0.279328
-0.131897
-0.183289
-0.171236
0.0263916
0.0728515
-0.147792
0.0651134
-0.456238
-0.051796
0.40859
-0.194737
0.0188251
-0.604914
0.0525001
-0.0821971
-0.259439
-0.125776
-0.226147
0.193752
0.00159347
0.0842842
-0.211297
0.0218104
0.17292
0.403986
0.00762498
-0.235085
0.0896785
-0.046688
-0.453327
-0.121468
-0.210671
-0.367313
-0.307704
-0.337699
-0.21745
-0.425156
-0.00360084
-0.429159
0.0159416
-0.320558
-0.00133938
-0.0447278
0.0665554
-0.505578
-0.286728
-0.439768
-0.214114
-0.169235
-0.0062958
0.172956
-0.0816667
0.16007
-0.13965
-0.200594
-0.416893
-0.299196
-0.176691
-0.376452
-0.0396812
-0.139209
-0.307797
0.0964732
0.0546381
-0.183378
0.0389175
0.107896
0.17604
-0.388251
-0.225715
-0.23975
-0.449218
-0.131194
-0.23899
-0.307996
-0.575584
-0.332132
-0.35835
-0.31591
-0.0193151
-0.359511
-0.275004
-0.0857462
-0.296548
-0.619281
-0.0295888
-0.577337
-0.220021
-0.552243
-0.514434
-0.187283
-0.276904
-0.189447
-0.241087
-0.147262
-0.257689
-0.363666
-0.24749
-0.608701
-0.101996
-0.0653291
-0.0980728
0.230434
-0.391686
-0.229744
-0.425526
-0.331026
0.0224614
0.138922
-0.41714
0.236411
-0.0954887
-0.0268189
0.190645
0.281381
-0.128113
-0.0368983
