-1
-0.990381
-1.26524
-0.796749
-0.819535
-1.00143
-0.934753
-1.16737
-1.00717
-1.09627
-0.846571
-0.937811
-1.00036
-1.10598
-1.17954
-0.704715
-1.04425
-0.871003
-0.911128
-1.10478
-0.756926
-0.562692
-0.789051
-1.02094
-0.331255
-0.219506
-0.280867
0.227781
-0.304453
0.205777
-0.181917
0.0530797
-0.317114
0.15103
0.0802592
-0.209655
-0.140892
-0.167047
0.00595367
-0.523886
-0.0800179
-0.130373
-0.1633
0.118897
-0.371236
-0.242049
-0.0408521
0.0539984
-0.0632287
-0.0162448
-0.213374
0.0352875
-0.114559
-0.460827
-0.722618
-0.0868548
-0.301874
-0.0860464
0.176172
-0.186013
-0.0853143
0.0439835
0.0867193
-0.133466
-0.0491281
-0.107495
-0.34638
-0.333123
-0.31241
-0.0931126
-0.296877
-0.0811598
0.326145
-0.101775
0.316473
-0.278589
0.325597
-0.0350187
-0.00135672
0.160193
-0.129503
0.188725
0.0541478
0.186987
0.0669149
0.092999
0.393496
0.27028
0.0601106
0.232929
-0.156313
-0.0875588
0.375949
-0.0167373
-0.167216
-0.191522
0.165288
-0.208329
0.325027
-0.15944
0.0923223
0.0688764
0.0180601
-0.282035
0.183021
-0.323872
0.123527
0.316894
-0.0935556
-0.0241358
-0.238131
0.137765
-0.362314
-0.254237
-0.422257
-0.29662
-0.55648
-0.309428
0.194428
-0.0339196
-0.322211
-0.181151
0.0745099
-0.241807
-0.17615
-0.459472
-0.376616
-0.245114
-0.0460187
-0.0470659
0.179982
-0.268261
-0.10479
-0.32114
0.0584708
-0.349819
-0.456637
-0.429487
0.151223
-0.00613314
-0.0770892
-0.214552
-0.348398
0.140192
-0.07309
-0.104176
-0.0621213
0.183568
-0.293434
-0.111069
-0.17064
-0.00644386
-0.173659
0.105377
0.127897
-0.362107
-0.272096
-0.460151
-0.0084402
-0.10491
-0.279161
0.135767
-0.0968673
-0.316999
-0.47338
-0.238514
-0.113188
0.0717516
0.0428281
-0.207866
-0.0394039
-0.0512217
-0.346116
0.0481061
-0.218742
-0.215324
0.124729
0.16777
0.256763
0.0959977
0.159089
-0.138066
0.217578
-0.271989
-0.258712
-0.0333498
-0.0128602
-0.0975626
-0.372703
-0.241836
-0.480258
-0.391069
-0.669713
-0.512629
-0.216536
-0.289403
-0.419607
-0.236588
-0.292774
-0.357818
-0.423614
-0.632297
-0.652493
-0.406603
-0.715083
-0.787426
-0.581371
-0.801717
-0.542188
-0.328844
-0.532017
-0.402517
-0.654495
-0.495311
-0.0715402
-0.394714
-0.219787
-0.365266
-0.0382106
0.315793
-0.239405
0.268497
0.15694
-0.00316077
0.493139
0.267054
0.0575676
-0.543156
-0.237796
-0.350472
0.00464141
-0.199111
-0.621138
-0.765877
-0.446588
-0.599607
-0.540986
-0.489935
-0.364292
-0.56901
-0.757084
-0.434484
-0.533106
-0.621981
-0.644102
