-1
-1.00873
-0.908325
-0.882628
-0.864284
-0.985517
-0.986306
-0.936795
-1.06285
-1.08698
-0.959999
-0.914081
-1.11154
-0.921966
-1.0236
-1.07746
-0.982223
-0.965276
-1.02252
-0.959459
-0.887364
-0.841531
-0.636878
-0.718785
-0.739086
-0.510588
-0.426041
-0.357165
-0.413351
-0.23122
-0.223553
-0.329587
-0.246291
-0.200784
-0.187025
-0.0317535
-0.221704
0.0369258
-0.0824128
-0.207336
0.0322424
-0.0397406
0.100091
-0.100266
0.124964
0.115698
0.151787
0.162357
0.0996176
0.190091
0.055981
0.0575168
-0.0763584
0.131964
-0.0555239
0.0775083
-2.77758e-05
-0.0211349
-0.175313
-3.26037e-05
-0.153503
-0.0157361
-0.10656
0.0274798
-0.0752106
0.118189
-0.0383784
-0.0182544
0.175588
0.00420976
0.102992
0.152799
0.0937845
0.223046
0.119649
0.241927
0.154109
-0.086516
0.141896
-0.0158215
0.0124028
0.0405844
-0.186688
-0.127185
-0.0555749
0.0164307
-0.0148879
0.0345328
0.0583365
-0.0598962
0.056455
-0.117925
-0.0229235
0.116085
0.0158405
0.0520942
0.0266975
-0.00792837
-0.0749788
0.127617
-0.105368
-0.0894732
-0.178083
-0.135104
-0.106836
0.0683579
-0.238577
-0.0244825
-0.0140294
-0.135521
-0.0301245
-0.0995958
-0.0977369
0.0335168
0.173291
0.0084573
0.0327647
-0.0376004
0.0243592
0.0307945
0.142322
0.0550815
0.013454
-0.0229732
0.0671316
0.00535476
0.0974905
-0.011075
-0.0458254
0.0567578
-0.0283237
0.111267
-0.131403
-0.0464612
-0.0362807
-0.171513
-0.0516005
0.0374005
-0.114905
-0.0195291
0.0726829
0.127236
0.131023
0.0188503
0.0478455
0.0263828
0.252876
0.121681
-0.0646225
-0.133066
0.0466051
-0.166162
-0.0828025
-0.262183
-0.0794969
-0.133069
-0.113325
-0.0797494
-0.184968
-0.117662
-0.102339
-0.114082
0.0133529
-0.15219
0.0637435
-0.0335953
0.0375084
0.038649
-0.0609582
0.0692583
0.0192715
-0.231683
-0.0951262
-0.0737396
-0.172062
-0.291643
-0.329942
-0.157966
-0.134188
0.053315
-0.0429083
-0.243362
-0.175182
0.0249411
-0.0419265
-0.124117
-0.0428914
-0.0537177
0.055164
-0.0482799
-0.156263
-0.0222045
-0.0359269
0.152366
0.0775827
0.00596654
0.159019
0.170635
0.0480336
0.207
0.0442899
0.187049
-0.0860261
0.0756272
-0.145215
-0.332861
-0.397696
-0.547764
-0.495445
-0.446678
-0.44182
-0.469549
-0.524344
-0.498321
-0.577972
-0.42907
-0.427313
-0.326021
-0.392164
-0.428585
-0.414338
-0.343709
-0.349622
-0.19775
-0.313272
-0.367224
-0.223071
-0.187201
-0.208627
-0.271357
-0.132206
-0.237489
-0.258172
-0.333379
-0.232472
-0.268187
-0.332176
-0.192083
-0.234425
0.0557811
-0.0932643
-0.220931
-0.313725
-0.227542
-0.229515
-0.226399
-0.241391
-0.358521
-0.23644
-0.252316
-0.287008
-0.366996
-0.152371
-0.3336
-0.107874
-0.255625
-0.255847
-0.237515
-0.334607
-0.282803
-0.335532
-0.475063
-0.435145
-0.358114
-0.539676
-0.49522
-0.455872
-0.487543
