-1
-0.964494
-0.819201
-1.16687
-0.93798
-1.06639
-1.006
-0.898783
-1.00912
-0.884762
-1.10016
-1.18327
-0.906758
-0.825545
-1.12672
-0.950876
-1.02465
-1.01232
-0.905728
-1.16556
-0.958222
-1.09352
-1.07473
-1.1808
-1.01485
-0.954241
-0.917922
-1.18385
-0.920788
-0.812192
-1.0531
-0.930342
-0.898238
-0.608787
-0.540758
-0.708709
-0.577103
-0.876282
-0.444212
-0.643508
-0.509868
-0.578959
-0.591244
-0.584117
-0.543309
-0.385192
-0.330959
-0.339375
-0.339202
-0.302152
-0.420534
-0.485281
-0.5249
-0.42791
-0.180529
-0.241983
-0.242988
-0.50745
-0.567499
-0.22295
-0.187518
-0.259962
-0.361142
-0.302418
-0.192737
-0.313957
-0.382044
-0.581292
-0.290573
-0.184468
-0.20273
-0.42236
-0.180322
-0.313639
-0.202521
-0.148324
-0.190198
-0.433279
-0.218248
-0.240651
0.154593
-0.0681524
-0.0105884
-0.0875072
-0.108231
-0.102853
0.0586859
-0.135903
-0.225786
-0.312173
-0.090477
0.301264
-0.0237972
0.0266293
0.168615
-0.131989
0.130046
0.109514
-0.0615768
-0.525688
0.066069
0.0794843
-0.116693
-0.0508217
-0.175189
-0.109695
-0.285169
0.0983208
-0.198252
0.103375
0.22744
-0.147146
-0.129814
0.0656816
0.132329
-0.112447
-0.301885
0.202035
-0.450578
-0.147858
-0.157245
-0.0840122
-0.00495374
-0.261925
0.125735
-0.172351
0.166778
-0.206832
0.00846922
-0.158403
-0.29925
-0.0678063
-0.445399
-0.147108
0.274966
0.240667
-0.0632005
0.0963849
0.0835264
0.278
0.311785
-0.162769
-0.10123
0.633222
-0.0726699
0.112229
0.0488431
0.330102
0.288925
0.0846181
0.533315
0.159807
-0.218879
0.450318
0.581728
0.446032
-0.0555874
0.299106
-0.0522143
0.433355
0.511305
0.289117
0.15918
-0.00915289
0.457885
0.357905
-0.200378
-0.373889
0.350758
-0.051123
0.666728
-0.06257
0.105605
-0.273937
0.455002
0.184945
-0.257683
0.353536
0.317593
0.0309969
0.526606
0.210644
0.61645
0.355256
0.195258
0.685317
0.361169
0.277076
0.377686
0.265381
0.626821
0.214337
0.609907
0.421711
0.708686
0.349159
0.324802
0.191387
0.385614
0.594538
0.596901
-0.12975
-0.202722
0.585424
0.412757
0.28475
0.183575
0.624789
0.553315
0.514473
0.341401
0.900235
0.367544
0.760519
0.20825
0.663929
0.106839
0.660187
0.84978
0.834275
0.290385
0.842885
0.370083
0.089287
0.554985
-0.0325953
0.357715
0.302844
0.57654
0.598179
0.179884
0.158301
0.694836
0.613201
0.674651
0.461819
0.0159742
0.421162
0.56406
0.810213
0.0392131
0.544272
0.401052
0.366331
0.402009
0.539456
0.916605
0.2459
1.12796
0.440227
0.645437
0.714416
0.774979
0.545201
0.558035
0.475624
0.690607
0.340848
0.534472
0.653746
0.455809
0.471586
0.518047
0.260321
0.311194
0.0753299
0.229404
0.600273
0.282362
0.626075
0.555858
0.772298
0.354195
0.729427
0.671749
0.429282
0.0816141
0.164581
0.700784
0.262306
0.303485
0.773652
0.303901
0.416722
0.455119
-0.0327343
0.310122
0.165155
0.262805
0.326117
0.0846962
-0.062192
0.174803
0.0419506
-0.30012
-0.0672665
-0.236579
-0.241841
0.0274308
-0.141927
-0.434028
-0.0496626
-0.150715
-0.0153437
-0.198417
-0.293951
-0.384809
-0.262277
-0.47245
-0.582522
-0.389523
-0.414966
-0.217169
-0.239815
-0.392766
-0.0591784
-0.347754
-0.0619571
0.00921476
0.221273
0.0431476
-0.61124
-0.064028
0.200755
-0.0872491
-0.179592
-0.243495
-0.187804
-0.28062
-0.163155
-0.206593
-0.261619
-0.463097
-0.29428
-0.318069
-0.392385
-0.262544
-0.222939
-0.306804
0.0587105
-0.184402
-0.0678597
-0.229055
-0.281187
-0.202774
-0.297043
-0.221881
-0.350639
0.0349602
-0.232998
0.0617632
-0.32927
-0.38303
-0.30655
-0.434469
-0.178026
-0.209241
-0.511452
-0.358687
