-1
-1.00398
-1.04864
-0.960846
-0.970285
-1.02269
-0.985068
-1.02972
-0.948071
-1.05893
-1.12893
-0.93044
-0.954502
-1.02237
-1.01476
-1.07753
-0.898945
-0.836322
-0.942017
-0.998784
-1.03135
-1.00975
-0.87091
-0.894302
-0.8697
-0.739536
-0.582141
-0.628706
-0.638816
-0.72584
-0.473689
-0.457704
-0.479413
-0.319304
-0.320528
-0.511756
-0.406202
-0.471852
-0.294562
-0.266274
-0.445096
-0.162936
-0.182402
-0.379206
-0.055435
-0.151811
-0.124713
-0.0983301
-0.148734
-0.167919
-0.222339
-0.102179
-0.0962018
-0.147125
-0.0573925
-0.100309
-0.0713897
-0.103896
-0.0161495
0.0665809
-0.0988756
-0.0311641
0.151458
-0.25167
-0.051313
-0.192592
0.262415
0.0602411
0.0530407
0.118848
0.0897605
0.0609401
0.121788
-0.0954092
0.196643
0.230267
0.162386
-0.0394788
0.0816196
0.0328009
0.133523
-0.130974
0.0827576
0.205081
0.186835
0.40764
-0.146604
-0.0315815
0.111979
0.23479
0.182893
0.161038
0.0925992
0.0374321
-0.00155157
0.0983201
0.0227319
0.0331888
0.0542696
-0.149942
-0.103622
-0.0307761
-0.069254
0.191057
-0.0498465
0.180085
0.102566
-0.0758996
0.1334
0.130297
0.419203
0.0722271
0.0683613
0.0107238
0.249447
-0.0812748
0.0249746
0.184195
0.100964
-0.20366
-0.120939
0.161246
-0.13777
0.184126
0.0740311
0.0198922
-0.0470291
-0.0705091
0.103189
-0.00216693
0.148022
0.256229
0.208892
0.15575
0.0965097
0.139145
0.213158
0.00949824
-0.0175921
-0.0142314
0.154692
-0.148301
0.0873511
-0.215101
0.167386
-0.0742894
-0.0860841
-0.335939
-0.11831
-0.131863
-0.0151986
-0.122976
-0.215125
-0.182855
0.237451
0.227108
0.0894839
-0.0254993
0.0395511
0.15892
0.0293334
0.10162
-0.108059
-0.0303077
-0.0151837
-0.0573767
-0.10848
-0.17851
-0.0318803
-0.292435
-0.227548
-0.255183
-0.0682576
-0.056538
-0.12355
-0.1189
0.0609316
0.0170331
-0.018018
-0.0380927
0.37598
0.216729
-0.0560672
0.288276
0.281982
0.0336273
0.0218881
-0.0513566
0.0265131
-0.0351838
-0.0686576
-0.116623
0.0716673
0.0458437
-0.0528324
-0.067364
0.0758047
0.125396
0.12282
0.10967
-0.104055
-0.0715299
-0.152202
-0.0462714
-0.0943589
-0.018267
-0.0930183
-0.0447104
-0.146759
-0.166441
-0.0782617
-0.154999
0.100363
0.0128824
-0.052735
0.103374
0.443994
-0.0919572
-0.0841178
-0.0311199
-0.0559568
-0.00636357
0.159702
0.137331
0.0372365
-0.0139722
-0.0876833
0.147925
-0.0355484
-0.0579288
-0.019731
-0.0785353
0.211244
0.225062
0.110395
0.260481
0.11103
-0.0463368
-0.0859571
0.0989599
0.0289658
-0.202766
-0.116657
-0.249125
-0.274982
0.0401285
-0.259535
-0.275827
-0.215998
0.000848055
-0.293454
-0.0911103
-0.252816
-0.0846535
-0.0702106
-0.197146
-0.0304523
-0.247226
0.0895656
-0.130752
0.0324186
-0.0281891
-0.103531
0.0438145
-0.0133625
0.134812
-0.042131
-0.163412
-0.0648401
-0.00415283
0.0659314
-0.238927
-0.139399
-0.0310761
-0.0358179
0.0111332
-0.131882
0.0090344
-0.178235
-0.172906
-0.349139
-0.557082
-0.469141
-0.586348
-0.509424
-0.704359
-0.60617
-0.751914
-0.575544
-0.606434
-0.526338
-0.692495
-0.455947
-0.675709
