-1
-1
-0.95418
-0.766549
-1.21492
-1.08519
-1.00697
-0.868697
-1.01098
-1.12847
-0.878696
-0.774541
-1.16272
-1.03111
-0.87803
-1.21331
-0.946481
-1.12075
-1.09655
-1.19106
-0.933242
-0.830758
-0.743703
-0.620825
-0.466351
-0.691493
-0.209465
-0.11686
-0.344537
-0.562723
0.00264955
-0.268805
-0.103842
-0.196951
-0.21692
-0.147279
0.0410534
0.0974382
0.0909091
0.0862498
0.13802
-0.093448
-0.131987
-0.0307211
0.258993
0.146276
0.106518
-0.221086
-0.316763
0.105835
0.173422
0.0383717
-0.131129
-0.0823892
0.0467792
-0.0652481
-0.39426
-0.102235
-0.079095
0.00145459
0.0457144
-0.119046
0.0719808
0.102838
0.0551996
0.0187136
-0.056531
0.403809
0.198761
0.200408
0.1139
0.0309885
-0.0580868
0.0947443
-0.058373
-0.222633
0.0101984
0.229558
-0.00475335
-0.102444
0.0903742
0.105263
-0.504619
0.116519
0.0540124
-0.154102
-0.0137339
-0.106868
-0.112946
-0.247126
-0.149249
0.099141
0.236842
-0.205967
-0.118899
0.078042
0.0991541
-0.178151
-0.199656
0.166661
-0.445792
-0.148935
-0.200435
-0.0881994
-0.021151
-0.257083
-0.147658
0.0428035
-0.189719
0.00782692
-0.154707
-0.257334
0.0112746
-0.428234
0.296128
0.302389
0.024426
0.213282
0.192935
0.204997
0.323493
-0.117945
-0.0689176
0.604029
-0.0506999
0.011148
0.158972
0.124817
0.224728
-0.0049389
0.0517094
-0.303417
0.372924
-0.227463
0.0155114
-0.228528
0.0423501
0.250465
0.0450628
-0.227753
0.240605
0.132838
-0.467648
-0.598483
0.0421427
-0.304707
0.174726
-0.313875
-0.0991708
-0.449408
0.00957716
-0.121952
-0.492598
-0.185421
-0.214918
-0.354179
-0.051559
-0.328248
-0.0817153
-0.350758
0.110125
-0.0188352
-0.0680034
-0.145922
-0.349065
0.067518
-0.221279
-0.132596
0.107243
-0.159782
-0.138912
-0.233735
-0.175508
0.110787
-0.0943113
-0.375849
-0.480736
0.0188839
-0.0228041
-0.157227
-0.225676
0.145677
0.105143
-0.100835
0.0249827
0.164634
-0.0201087
0.219661
-0.127122
0.135526
0.263228
0.367287
-0.17188
0.279155
-0.0181244
-0.216698
-0.339458
-0.0900773
-0.129441
-0.193006
0.0884727
-0.371685
-0.446224
-0.0195692
-0.00734425
-0.000843287
-0.170077
0.0248528
0.0469868
0.133369
-0.130899
0.268102
0.110375
0.100197
0.016768
0.174918
0.400574
-0.0538151
0.576555
0.045944
0.189682
0.0909917
0.040706
-0.133432
-0.195918
-0.204184
-0.35447
-0.3734
-0.485804
-0.572894
-0.494678
-0.656753
-0.722828
-0.861555
-0.546841
-0.492787
-0.633244
-0.465655
-0.273989
-0.275671
-0.406748
-0.359557
-0.21699
-0.237315
-0.405225
-0.00123829
-0.280578
-0.0146468
0.248077
-0.10398
0.0372874
0.0477301
-0.111328
0.0862223
0.151499
-0.111998
-0.30657
0.0561364
-0.218783
-0.497062
-0.271594
-0.578993
-0.264749
-0.455847
-0.707279
-0.551033
-0.33561
-0.427287
-0.599301
-0.696405
-0.483839
-0.64181
-0.599386
-0.51124
-0.573429
-0.423256
-0.292853
-0.504276
-0.0884435
-0.41177
-0.0475256
0.333754
0.0811501
-0.482941
0.120221
0.397542
