-1
-0.951407
-1.01567
-1.09457
-1.02032
-0.82167
-0.979045
-0.956533
-1.07264
-0.864498
-1.07696
-0.949418
-1.06188
-1.06649
-0.88004
-0.949093
-0.922194
-1.1201
-1.00647
-0.959034
-1.03831
-1.03399
-1.00598
-1.03848
-0.98501
-0.987532
-0.947957
-0.853396
-0.87141
-0.917836
-0.799096
-0.693178
-0.740344
-0.541741
-0.63545
-0.596387
-0.701239
-0.531614
-0.537532
-0.479678
-0.329929
-0.41203
-0.28972
-0.554877
-0.436198
-0.56202
-0.385467
-0.502936
-0.22337
-0.403111
-0.317871
-0.344083
-0.282214
-0.0579051
-0.118529
-0.26312
-0.408969
-0.475016
-0.550546
-0.439645
-0.256474
-0.167127
-0.366746
-0.324301
-0.301513
-0.0713353
-0.213118
-0.177156
0.042027
-0.400085
0.123236
0.0388753
0.0930661
-0.173006
0.416368
-0.379918
0.158946
0.006917
-0.306161
-0.156534
-0.149072
0.0580453
-0.118998
0.186555
-0.302678
-0.014302
-0.177497
0.0266777
0.0320096
-0.346101
0.130175
-0.0129419
0.253575
-0.0640368
0.21501
-0.144217
-0.261127
-0.199559
-0.143878
0.0777966
0.171503
0.0548944
-0.0268757
-0.560156
-0.0923232
0.119864
-0.0459943
-0.470997
-0.0721965
0.0336447
-0.0306042
0.315541
-0.232269
-0.0713528
0.0754942
0.1415
0.0099529
0.07183
-0.188754
0.299326
0.154204
-0.00441909
-0.0483531
0.108821
0.214669
0.106205
0.0769049
-0.441947
0.282314
0.194096
-0.243546
0.343995
-0.00851768
-0.140133
0.0148985
0.0490025
-0.173483
0.487077
-0.0162649
-0.0952439
-0.0117583
0.339898
0.135473
-0.059382
0.13136
0.351632
-0.0560297
-0.396785
0.00673282
0.185108
-0.333507
0.0327327
0.105801
-0.121108
0.362737
0.319427
-0.0201735
0.390158
0.403056
0.205994
0.145168
0.191068
0.372822
0.323664
0.181411
0.0151913
0.4038
0.36298
-0.153332
-0.0862513
0.0335578
0.261396
0.213742
0.0238966
0.110212
0.0577184
-0.171127
-0.197289
0.177212
0.141535
-0.126021
0.291011
0.0470564
-0.0530344
-0.0502835
-0.225135
0.002666
0.0762715
0.163643
0.170907
-0.6113
0.200141
-0.205177
-0.461701
-0.262151
-0.16629
0.0496942
-0.113818
-0.325533
-0.121197
-0.186248
-0.255526
-0.06268
-0.324986
0.0494906
-0.066502
-0.061917
-0.206896
-0.000604749
-0.0423498
-0.151109
-0.0324107
-0.251957
0.290503
0.0608602
0.00118279
0.0607802
0.0855378
0.389211
-0.118228
0.179986
0.163021
0.127577
0.312007
-0.0767186
0.221872
-0.415435
0.175769
0.251226
0.0394554
0.0109973
-0.100315
0.282871
-0.0293847
-0.468301
0.318286
-0.229904
-0.0364402
-0.126802
0.0360298
-0.193384
-0.0913193
-0.248341
-0.463677
-0.208521
-0.286722
-0.499608
-0.181268
-0.257772
-0.199747
-0.27084
-0.232461
-0.0474947
0.119636
-0.225395
-0.423651
-0.121614
-0.157192
0.0955637
-0.511064
0.157975
-0.269911
-0.248917
-0.184355
0.0626974
0.125681
-0.256081
-0.303109
-0.147646
0.346658
-0.0501586
-0.182866
-0.00579089
-0.377429
-0.183208
0.0191592
-0.0795533
-0.460353
0.0561287
0.123046
-0.166929
0.0483382
-0.202444
-0.0505999
-0.153904
0.109073
-0.111404
-0.117226
0.0639322
0.0482162
0.0635294
0.323672
-0.00966096
0.114652
0.309453
0.225973
-0.179486
-0.500455
-0.0665939
0.0645639
-0.118168
-0.127696
-0.231639
-0.0568991
-0.221848
-0.187038
-0.144535
-0.0522811
-0.234461
-0.270768
0.243296
-0.236194
0.262114
-0.24343
0.120548
-0.168646
-0.228283
0.0197344
-0.104329
0.212833
0.306484
-0.129097
0.582208
0.144847
-0.237822
-0.266244
-0.0945801
-0.0424774
-0.328097
-0.156957
0.00797582
-0.490365
0.00286376
-0.0726465
-0.219736
-0.235615
-0.28531
-0.315436
-0.304868
-0.605631
-0.227947
-0.562286
-0.656776
-0.380864
-0.668631
-0.312604
-0.553431
-0.374237
-0.658427
-0.367248
-0.293774
-0.402699
-0.199948
-0.389741
-0.534601
-0.479857
-0.517021
-0.242593
-0.41617
-0.3714
