-1
-1
-0.973208
-0.95861
-1.10815
-1.2396
-0.732757
-1.07082
-1.06196
-0.919084
-0.99117
-0.860302
-1.0762
-1.24595
-1.14126
-1.08873
-0.914496
-0.929887
-1.01476
-1.07797
-1.05241
-1.20688
-1.00785
-0.926753
-0.855864
-0.773519
-0.709744
-0.82585
-0.992406
-0.542412
-0.718303
-0.495993
-0.806609
-0.819444
-0.369316
-0.940297
-0.410477
-0.566296
-0.726418
-0.258077
-0.120881
-0.331454
-0.376105
-0.481052
-0.312069
-0.411281
-0.395506
-0.483277
-0.286647
-0.182421
-0.61598
-0.399525
-0.522245
-0.283207
-0.406101
-0.0444017
0.0296243
-0.0460787
-0.590764
-0.0537362
0.33334
-0.247049
-0.409288
-0.474411
0.23636
-0.407132
-0.155186
-0.392267
-0.34232
-0.698537
-0.150647
-0.112302
-0.115665
-0.0359629
-0.154349
-0.468833
-0.0576844
-0.328778
-0.0496284
0.0263969
0.0488034
-0.20571
-0.334178
0.0323589
0.102848
0.189736
0.0103669
-0.0453113
0.145073
-0.289116
0.0845484
0.451992
0.0544538
0.0428149
-0.156271
-0.284728
0.0584223
0.173321
-0.505915
0.0462143
-0.189714
-0.277524
-0.00158298
-0.0852756
0.0828348
0.103937
-0.102101
-0.618222
0.109406
-0.0115553
-0.376478
-0.261064
0.0853733
-0.0361078
-0.749588
-0.0396018
-0.280168
0.340164
-0.0230495
-0.086744
0.0845915
0.00572526
0.127778
0.181243
-0.0603724
0.287856
-0.245935
-0.266091
-0.139844
-0.04197
-0.135266
0.443764
0.573435
0.254129
0.161057
0.520027
0.426954
0.215193
0.319163
0.157161
-0.264011
0.595796
0.00940418
-0.337304
0.0364834
0.269736
0.232642
0.109241
0.0894911
-0.0274793
0.583295
0.408686
0.124202
0.131576
-0.00568938
0.100917
0.234781
-0.044431
-0.0191279
-0.437134
0.639286
0.597625
0.117589
0.294795
0.436833
0.55408
0.0915031
0.210068
0.0830563
0.122213
0.273912
0.115121
-0.188983
-0.0864808
0.101477
-0.13076
-0.114426
-0.0368016
0.0221397
-0.516353
-0.381826
-0.217217
0.434764
-0.0931168
0.107634
0.263577
-0.3867
0.475608
0.270562
0.438852
-0.274839
0.0386958
-0.267083
0.150325
0.537662
-0.0429275
-0.246128
0.47745
0.275046
-0.246579
0.135588
0.0781229
-0.0766513
0.394032
0.603289
0.139421
-0.054113
0.211726
0.371019
-0.243317
-0.187287
-0.209782
-0.12563
-0.613524
-0.149933
-0.0935702
-0.324611
0.0943851
0.261201
-0.543674
0.0151658
0.108839
0.0740421
0.0468042
-0.219011
-0.174475
-0.433759
-0.219834
-0.334073
-0.0125338
-0.333133
-0.401333
-0.0759973
-0.370686
-0.238126
-0.385075
-0.0839704
-0.409215
-0.180501
-0.336125
0.00988758
-0.760462
-0.301244
-0.28453
-0.337754
-0.327657
-0.173281
-0.308491
-0.248714
-0.13861
-0.316063
-0.0136374
0.200704
0.0853306
-0.359484
-0.443084
-0.571499
-0.368372
-0.506689
-0.344227
-0.341257
-0.243109
-0.0296611
-0.18878
-0.431487
-0.403328
-0.191043
-0.0293929
0.0560511
0.148951
0.023555
-0.216971
0.0821419
-0.228394
0.0501928
-0.431539
-0.0548919
-0.149382
0.135646
-0.512111
0.159765
-0.162776
-0.178536
-0.608318
-0.212389
-0.559668
-0.282571
-0.35625
-0.385872
-0.281259
-0.156082
-0.0388115
-0.387506
-0.484232
-0.559279
-0.254721
-0.458832
-0.662095
-0.358651
-0.234476
-0.354277
-0.165071
0.0115455
-0.24841
-0.509168
0.183733
-0.102647
-0.268243
-0.432875
-0.28554
-0.25274
-0.0970573
-0.376433
-0.597852
-0.414893
-0.665252
-0.505223
-0.302714
-0.398579
-0.389726
-0.210583
-0.231534
-0.270294
-0.455728
0.34761
-0.223931
-0.308848
-0.239382
-0.336709
0.181743
-0.367998
0.164984
-0.273658
0.0318552
-0.220137
-0.197256
-0.301831
-0.379341
-0.305135
-0.167974
-0.540515
-0.194408
-0.30193
-0.373131
-0.559236
-0.379876
-0.503581
-0.594554
-0.273898
-0.106424
-0.992535
-0.365868
-0.302411
-0.265371
-0.350498
-0.192478
