-1
-1.04848
-0.979358
-1.00924
-0.977156
-1.01595
-0.998915
-1.03311
-0.916994
-1.11343
-0.977715
-0.823835
-1.04723
-0.865637
-1.00198
-0.958278
-1.01634
-1.00684
-0.956669
-0.857746
-1.08368
-0.862281
-0.732091
-0.730241
-0.840374
-0.473658
-0.558034
-0.389785
-0.257602
-0.149077
-0.342441
-0.530365
-0.134845
0.00308824
0.117491
-0.0680643
-0.384927
-0.09861
0.163819
-0.340175
-0.17728
0.160838
-0.357979
-0.0705531
-0.235366
-0.271388
-0.267847
-0.463287
-0.287518
-0.155131
-0.392256
-0.279592
0.047006
-0.239653
-0.582662
-0.0861431
-0.258652
0.225429
0.0318998
0.0848825
0.0510858
0.302875
-0.122682
0.337938
-0.021219
0.0906228
-0.228844
-0.205035
-0.018999
0.00941777
-0.0410814
0.178298
-0.178069
-0.380257
-0.213077
0.165923
0.0995189
0.125219
0.0282925
0.368538
0.174569
0.063598
0.409539
0.150757
-0.0974587
-0.475532
0.473823
0.213798
0.0421993
-0.100876
0.0536541
0.241047
-0.146205
-0.0362572
0.230593
0.0374317
-0.105933
-0.165017
-0.401404
0.0606983
-0.0664422
-0.24315
-0.212452
0.0897015
-0.116715
-0.0222041
0.313891
-0.141471
0.222335
0.439237
-0.0648198
0.198563
-0.213753
0.029875
-0.204975
-0.168987
0.0968848
-0.197649
-0.180066
0.0664562
0.23732
0.0801363
-0.454506
0.0147778
-0.217086
0.649929
-0.198775
0.117677
-0.512744
0.0668921
-0.142802
-0.213732
0.473027
-0.069544
-0.048929
-0.0908325
0.21023
0.117139
0.0525321
-0.0153179
-0.228803
-0.178517
-0.532625
-0.104965
0.0119675
-0.277187
-0.0507979
0.365446
0.366442
0.0419381
0.11875
-0.0990812
-0.122315
-0.0856969
-0.274103
-0.298585
-0.124916
-0.0417005
0.461093
-0.263808
0.386035
0.0119491
-0.709122
-0.21944
0.582291
-0.256064
0.0499756
0.0894439
-0.0713261
-0.0261272
0.0942279
0.354262
-0.0398588
-0.481446
-0.237576
0.200417
-0.024266
0.0264915
-0.465547
-0.26394
-0.326989
-0.187901
-0.374645
0.284435
0.028931
-0.179244
-0.0321065
-0.413344
-0.152952
0.101503
-0.173807
-0.286844
-0.328053
-0.29447
-0.174066
0.0346452
-0.411992
-0.117675
-0.0403047
-0.023349
-0.0739819
-0.13035
-0.0232058
-0.193931
0.0529463
0.0406462
0.0811845
0.186845
-0.0621234
-0.299249
-0.44872
0.24946
0.0638052
-0.137069
-0.365609
-0.323064
-0.109799
-0.100607
0.137949
0.0627711
-0.190938
0.423763
-0.222977
-0.197825
-0.133361
-0.335054
-0.316138
-0.436079
-0.241129
-0.219834
-0.348663
-0.40695
-0.337939
-0.181984
-0.454628
-0.192084
-0.398103
-0.490751
-0.422912
-0.525706
-0.395972
-0.326106
-0.329183
-0.165135
-0.436258
0.149093
-0.267198
-0.307912
-0.341091
-0.209586
-0.136984
-0.221408
-0.0845133
-0.146282
-0.186014
-0.248947
-0.155728
0.0575755
-0.231118
-0.506178
-0.566258
-0.39896
-0.319778
-0.389261
-0.440475
-0.335443
-0.325819
-0.339046
-0.632084
-0.166764
-0.338696
-0.584247
-0.720988
-0.66809
-0.381694
-0.676728
-0.467346
-0.462612
-0.580071
-0.640345
-0.581603
-0.54859
-0.414585
-0.406053
-0.404563
-0.326959
-0.121485
-0.169295
-0.314398
-0.36051
0.0195426
0.00430143
-0.239837
-0.446982
-0.256922
0.073117
-0.0234407
0.0646398
-0.199741
