-1
-1
-0.900443
-1.03223
-1.19455
-1.04282
-0.636348
-0.959755
-0.914048
-1.15287
-0.727131
-1.16166
-0.901209
-1.14059
-0.759421
-0.901326
-0.846645
-1.25095
-0.921549
-1.08399
-1.0743
-0.994658
-0.995041
-0.842152
-0.726234
-0.602729
-0.692258
-0.80295
-0.613365
-0.412421
-0.204031
-0.42401
-0.357974
-0.58049
-0.246284
-0.260249
-0.154725
0.144438
-0.0265605
0.224259
-0.325694
-0.349783
-0.254283
0.274037
-0.101328
0.0541255
-0.0382843
0.0659289
0.481631
0.350736
0.0403609
-0.194137
-0.339106
-0.510495
-0.32161
0.00532651
0.103865
-0.221209
-0.198009
0.204991
-0.0312361
0.056251
0.31796
-0.368616
0.408161
0.260934
0.309521
-0.044493
0.795188
-0.422207
0.326476
0.100559
-0.287526
-0.0677068
-0.0752659
0.157143
0.0405962
0.399148
0.0989594
-0.0526676
0.171708
-0.357803
0.289315
0.0587714
0.450026
-0.0693079
-0.14188
-0.392349
-0.343407
-0.178376
0.0180608
0.166213
-0.010955
-0.768123
-0.152093
0.114039
-0.0111052
-0.598641
-0.0788641
-0.0248816
-0.0749646
0.385366
0.235923
-0.123424
0.0110701
0.15668
-0.0263296
0.0583285
-0.337457
0.349527
0.101169
-0.132435
-0.135927
0.0457516
0.154225
0.0806469
0.0630356
0.329919
0.026318
-0.330771
0.173026
-0.142814
-0.363623
-0.140228
-0.398496
0.272998
-0.344423
-0.414063
-0.249979
0.169733
-0.0617138
-0.354486
-0.137139
0.0740393
-0.7018
-0.280663
-0.147327
-0.717693
-0.35644
-0.147589
0.0921524
0.0657905
-0.315343
0.145992
-0.043281
0.266199
0.0682027
-0.161315
0.211167
0.210072
-0.372684
-0.201772
-0.00672972
0.081948
-0.100569
-0.0106863
-0.406732
-0.475169
-0.00993586
-0.0864476
0.179054
0.00501013
-0.226446
-0.180539
-0.380494
-0.117553
0.12436
0.0733446
0.116056
-0.816084
0.148247
-0.747962
-0.367722
-0.210995
-0.245077
-0.58676
-0.38217
-0.919354
-0.560067
-0.309595
-0.581412
-0.178714
-0.425432
-0.528791
-0.301657
-0.300865
-0.382706
-0.392593
-0.568679
-0.0876511
-0.298232
-0.168501
-0.497087
-0.0966084
-0.0855372
-0.099323
0.252653
-0.217362
0.145608
-0.635205
0.265818
0.143285
0.113686
-0.0897682
0.553172
-0.533747
0.552465
-0.223126
0.145361
0.0373451
-0.0830737
-0.524399
-0.207622
-0.376929
-0.701977
-0.443903
-0.415133
-0.495413
-0.477784
-0.55191
-0.257794
-0.137514
-0.615045
-0.661742
-0.402033
-0.44457
-0.217866
-0.10956
-0.438978
-0.471093
-0.00136411
-0.061588
0.0828166
-0.483965
-0.443666
-0.316997
0.299946
-0.164425
-0.308895
-0.413942
-0.233453
0.101235
0.0693197
-0.623938
0.136846
0.184301
-0.177942
0.124419
-0.148449
-0.0325013
-0.158177
0.170041
-0.0954422
-0.197545
0.0811639
-0.0953589
-0.095173
0.220301
-0.169948
-0.0151771
0.130406
-0.267507
-0.617305
-0.156373
0.0515199
-0.199322
-0.301051
-0.112013
-0.35156
-0.230038
-0.24491
-0.0922818
-0.362488
-0.328637
0.277721
-0.325969
0.284112
-0.322167
0.173039
-0.281513
-0.0222157
-0.185036
0.245444
0.0420631
-0.245486
0.595202
0.0884998
