-1
-1
-1
-0.971408
-0.953157
-0.9823
-1.11991
-0.792556
-1.13335
-0.962969
-0.960791
-0.912463
-0.908638
-0.985292
-1.05041
-0.994763
-0.920023
-0.987018
-1.04047
-1.03004
-0.961154
-1.23279
-0.929284
-1.10833
-0.803039
-1.10878
-1.03681
-0.958122
-0.987727
-1.00872
-0.704583
-0.767548
-0.66933
-0.661661
-0.534473
-0.603141
-0.489487
-0.471247
-0.701885
-0.498803
-0.275052
-0.393142
-0.611272
0.0645319
-0.579296
-0.288344
-0.188209
-0.042918
-0.341769
-0.170502
-0.431317
-0.255374
-0.138881
-0.480038
-0.213657
-0.11084
0.040025
-0.12872
0.125423
0.0575322
0.220185
-0.34542
-0.208853
-0.119971
-0.128122
-0.238847
0.0221808
-0.290525
-0.0422754
-0.107254
-0.300467
-0.29472
0.221708
-0.241004
-0.346438
-0.225979
0.0183852
-0.241501
0.171432
-0.0596507
0.0434921
-0.440272
-0.0297362
-0.191691
-0.267111
-0.182991
-0.188817
0.00651526
0.134263
0.09788
-0.430396
0.231982
0.356334
0.0550022
-0.129265
-0.102654
-0.224554
0.0443606
-0.124772
0.0888537
0.156052
0.237659
-0.335252
-0.221669
-0.235844
-0.0639905
0.0513712
-0.113582
-0.262265
0.190106
0.0672374
-0.0599304
-0.0776186
0.168378
-0.0762789
-0.0573434
0.440805
0.119494
0.288406
0.181755
-0.140517
0.0867517
0.151246
0.0512148
0.32004
-0.00272596
0.0977445
-0.376918
-0.17163
0.479281
-0.492137
0.533909
-0.0104902
0.42017
-0.189029
0.0243894
0.748611
0.450814
0.431833
-0.0188208
0.306004
0.159618
0.481096
0.331744
0.272891
0.171775
0.13473
-0.099558
0.464538
0.705186
-0.0762808
-0.0421603
0.139164
0.366847
0.329712
-0.0901762
-0.140071
0.208704
0.368004
0.155791
-0.0258108
-0.267145
0.462478
0.109904
0.248755
0.170606
0.43416
-0.202144
0.347278
0.510831
0.724867
0.0750754
0.446182
0.337621
0.0497975
0.338785
0.216441
0.061775
0.495327
0.168435
0.306733
0.275713
0.237203
0.0530437
-0.0972065
-0.182745
0.488599
0.341521
-0.277235
0.296839
0.281258
0.072692
0.209362
0.173364
0.202821
-0.0265681
-0.0445462
-0.000852644
0.14596
0.520545
0.605074
0.0256606
0.169479
-0.244516
0.249587
0.326746
0.043141
0.115553
0.470801
0.0667251
0.322523
-0.096747
-0.057616
0.544481
0.287205
-0.231128
0.0894599
0.00121915
0.377779
0.176393
-0.166633
-0.497367
-0.12712
-0.065142
-0.168166
0.0810941
-0.213792
-0.158887
-0.200393
-0.0918741
0.127269
-0.0515975
-0.163985
-0.176379
0.194448
-0.0880278
0.507466
0.258985
0.452798
0.327599
-0.0636868
0.0820767
0.346505
-0.0839533
0.253941
-0.0216172
0.149561
-0.262049
-0.0962973
0.182649
-0.441039
-0.305007
0.0433869
-0.253154
-0.236436
0.242022
-0.167068
-0.0767187
0.135448
0.181794
-0.260992
-0.428751
-0.277501
-0.120457
-0.0534531
-0.0712439
-0.400523
0.0319797
-0.605152
0.0760437
-0.228406
0.15165
-0.0728751
-0.50918
-0.111352
-0.195598
-0.0969402
-0.396209
-0.184828
-0.423777
-0.196398
-0.0313917
-0.190765
-0.519516
-0.0840977
0.0430014
-0.196752
-0.111145
-0.186587
0.00907314
0.274071
0.148484
0.248682
-0.233909
-0.370952
0.394937
-0.590675
0.192488
0.206891
0.24624
-0.486285
-0.0769088
0.0372258
-0.3915
0.00636446
-0.151057
-0.213609
-0.232253
-0.441011
0.212482
-0.340421
-0.19612
-0.0318421
-0.189533
-0.517723
-0.445611
-0.451847
-0.494584
-0.264926
-0.124319
-0.339932
-0.287103
-0.189059
-0.226944
-0.495032
-0.19594
-0.263883
-0.691475
-0.373972
-0.227066
-0.599421
-0.576988
-0.373049
-0.55852
-0.0195992
-0.477609
-0.568474
-0.366268
-0.341848
-0.170102
0.0357224
-0.295234
-0.654385
-0.129932
0.105763
-0.225686
-0.386318
-0.145163
-0.366747
-0.0198595
-0.258198
-0.0831986
0.0970677
0.155456
-0.296507
-0.0832142
0.354213
