-1
-0.890083
-0.955786
-1.03203
-0.952921
-0.953316
-0.980549
-0.895866
-0.985207
-0.953684
-0.922342
-1.03786
-1.02939
-0.963297
-0.959491
-0.876048
-1.02404
-1.01063
-0.92258
-0.985658
-0.853974
-0.984211
-0.947296
-1.00084
-0.953467
-0.931301
-0.821635
-0.866269
-0.555072
-0.610396
-0.603002
-0.636013
-0.505605
-0.79394
-0.00912505
-0.284207
-0.0969466
-0.3242
-0.606481
0.277128
-0.404474
-0.538893
-0.259035
-0.405766
-0.257289
-0.161033
-0.215967
0.147681
-0.0439649
-0.275056
-0.078972
-0.295125
-0.16774
-0.400979
-0.185139
-0.0890614
-0.214419
-0.295252
-0.0887648
-0.0759034
0.302358
-0.0141211
-0.308817
0.0447141
0.46989
0.145812
0.312047
-0.412306
-0.344823
0.121691
0.109109
-0.0946923
0.00731575
-0.45687
-0.83543
-0.117959
0.0113881
-0.0309592
-0.334469
-0.272244
-0.0911266
0.274761
0.00892389
0.181234
0.103097
-0.0107998
0.0756234
-0.155498
0.00439632
-0.12438
0.0861475
-0.424218
0.241316
0.0941923
-0.157677
-0.230379
0.012454
0.229745
0.458067
0.0331769
-0.334801
-0.308869
0.674829
0.548178
0.153409
-0.13532
-0.166362
0.136326
-0.166778
0.108467
0.0207497
0.202167
0.459254
-0.217833
-0.0288572
0.228567
0.099193
-0.00270897
-0.293106
0.497996
0.423376
0.42265
0.197927
-0.054357
-0.123163
-0.0844996
0.0114907
0.00210595
0.0437534
-0.122129
0.300059
0.47985
0.23285
-0.351918
0.202293
0.276982
0.388908
-0.162077
0.960471
-0.0278097
-0.336385
0.535352
0.0376439
0.662566
0.116235
0.290574
0.553161
0.493047
0.269759
0.0520859
0.320166
-0.0912547
0.287611
0.300927
1.13873
0.545253
-0.17976
1.03251
-0.0954729
-0.203391
0.151728
0.446683
0.580944
0.678033
0.577134
0.724223
0.421398
0.851042
0.66111
0.56273
0.0967268
0.47455
0.231708
0.593636
-0.137908
0.305225
0.510698
1.15766
0.505141
-0.334791
0.186012
0.258392
0.692052
0.653422
0.148455
0.230784
0.683053
0.320444
0.282707
-0.0475139
0.0395048
0.372959
0.210369
0.400096
0.108533
0.533185
0.0694579
-0.0680929
0.353012
0.31206
0.0287224
0.370821
0.285917
0.24414
0.778795
-0.0143732
0.145333
-0.139955
-0.00956881
0.0281851
-0.0674528
0.237508
0.191994
0.0637171
0.0211363
-0.271295
-0.0548041
-0.266778
-0.148091
-0.0832525
0.124146
0.327926
-0.0286347
-0.0853484
0.265536
0.212737
0.318955
-0.0967735
0.0894229
-0.10227
-0.070133
-0.580965
0.048671
-0.00422621
0.454086
0.374829
-0.0140479
0.0296355
0.558251
-0.344545
-0.153637
-0.407932
-0.171129
-0.120134
0.341073
-0.298762
-0.143146
-0.653003
-0.251613
-0.566981
-0.577202
-0.147374
-0.11037
-0.373929
-0.0146339
-0.0548008
-0.217834
-0.414569
-0.442366
-0.513202
-0.463948
-0.0867345
-0.0423459
-0.679676
-0.447223
-0.479483
-0.112308
-0.240445
-0.189236
-0.276879
-0.0805662
-0.326093
-0.156674
-0.301759
-0.506762
-0.0344392
-0.28115
-0.457939
-0.0485596
-0.220376
-0.0362461
-0.566341
-0.556868
-0.470041
-0.344068
-0.201805
-0.243159
-0.632795
-0.144831
-0.294098
-0.22635
-0.231756
-0.301991
-0.193711
0.0330027
0.0254185
0.189799
0.00686371
