-1
-1
-0.972279
-1.11191
-0.723569
-1.07355
-1.06442
-0.990976
-0.855588
-1.07919
-1.14653
-0.912017
-0.927922
-1.01548
-1.08088
-1.05428
-0.971638
-0.87053
-0.785788
-0.625567
-0.754125
-0.45603
-0.633984
-0.400942
-0.706935
-0.686089
-0.182893
-0.807029
-0.155399
-0.319744
-0.514099
0.0937936
-0.0337669
-0.0383973
-0.16987
0.0322106
-0.071207
-0.161892
0.281039
-0.332079
0.0197785
-0.220996
0.115549
-0.0174217
0.447703
0.546816
0.458532
-0.254178
0.826746
0.0361917
-0.134566
-0.214364
0.563686
-0.195415
-0.192391
-0.150372
0.0228342
0.0786417
0.0677011
0.128697
-0.0114568
-0.339819
0.0699286
0.227307
0.0131122
0.0736883
0.0401241
-0.189512
-0.299001
0.0121678
0.122586
-0.0750328
-0.0470998
-0.402072
-0.00664395
0.263158
-0.125986
-0.090068
-0.243511
-0.406976
-0.0683858
0.0147849
-0.521801
-0.0919684
-0.348324
-0.163362
0.00682068
0.0303349
-0.121738
-0.561899
0.054951
-0.0489715
-0.363755
-0.287487
0.0283744
-0.72104
-0.0950556
-0.307468
0.16755
-0.0915133
-0.141774
-0.082431
0.00750065
-0.0932756
0.161752
-0.296074
-0.327283
-0.149048
-0.0778921
-0.151172
0.381296
0.457515
0.227217
0.0708241
0.395878
0.313239
0.124789
0.248508
0.0802368
-0.279991
-0.071798
-0.330352
-0.0378635
0.130378
0.090665
-0.0594299
-0.0941153
-0.121009
0.325913
0.245773
-0.0389112
0.0647484
-0.0846724
0.00742781
0.149828
-0.0741203
-0.0553018
0.529346
0.493775
0.0502269
0.200687
0.199989
-0.0111529
0.0758045
-0.0205094
0.00507462
0.0955466
-0.123201
-0.296779
-0.229232
-0.014333
-0.179934
-0.11838
-0.529044
-0.435
-0.322917
0.219909
-0.270555
-0.100252
0.0432835
-0.446128
0.108858
0.21426
-0.369573
-0.0390495
-0.329326
0.00376213
0.363662
-0.113905
-0.271628
0.33262
0.180092
-0.2691
0.056788
0.064309
-0.131015
0.29342
0.407637
-0.0259353
-0.0865265
0.123923
-0.292706
-0.22018
-0.28273
-0.260244
-0.654076
-0.267393
-0.277275
-0.43389
-0.110729
-0.0209252
-0.272279
-0.133198
-0.236733
-0.218193
-0.450457
-0.409148
-0.338967
-0.459697
-0.211815
-0.467252
-0.436066
-0.340202
-0.461218
-0.448949
-0.313268
-0.480085
-0.179387
-0.429876
-0.444728
-0.418715
-0.431552
-0.431921
-0.271526
-0.117036
0.0508785
-0.357187
-0.451971
-0.553687
-0.464768
-0.261272
-0.208785
-0.0889956
0.140477
-0.00911778
-0.257887
0.0270426
0.205584
0.303498
0.428745
0.255458
-0.0117835
0.29416
-0.0314722
0.233279
-0.294894
0.0614547
-0.0515683
0.212537
-0.433595
0.194034
-0.152321
-0.631678
-0.274986
-0.532185
-0.365711
-0.398239
-0.400578
-0.327268
-0.533567
-0.609269
-0.740414
-0.451921
-0.629791
-0.743227
-0.553427
-0.418305
-0.341547
-0.175969
-0.329461
-0.520894
0.11046
-0.162869
-0.255226
-0.430939
-0.243039
-0.209569
-0.296575
-0.550218
-0.38779
-0.650179
-0.238162
-0.372715
-0.336276
-0.165751
-0.17719
-0.347373
0.496728
-0.0862545
-0.144712
-0.054508
-0.12615
