-1
-1
-1
-0.923565
-0.971738
-1.07417
-0.805807
-1.03835
-0.841065
-0.950891
-1.05541
-0.935317
-1.0181
-1.06627
-1.04837
-0.95889
-1.00451
-1.03706
-1.08334
-1.10305
-1.01232
-0.739149
-0.728432
-0.663304
-0.634968
-0.418839
-0.321378
-0.37871
-0.260853
-0.155619
-0.125852
-0.0927894
0.0667098
0.0326837
0.174312
0.291269
0.309042
0.196987
0.454998
0.226314
0.398074
0.337565
0.201625
0.387239
0.134371
0.272818
-0.00938809
-0.30827
-0.144557
-0.0506277
-0.11343
-0.301146
-0.192958
-0.307512
-0.323124
-0.0796815
-0.203262
-0.179602
-0.33314
-0.0286371
0.0135906
-0.243432
-0.192008
-0.30223
-0.403967
-0.227632
-0.0566713
-0.0947103
-0.169127
-0.0728866
-0.236545
-0.115581
-0.111972
-0.023927
-0.128132
-0.166125
0.0622492
-0.122184
-0.117019
-0.0697759
0.107115
0.00537324
-0.0879583
0.253837
0.0880355
0.209147
-0.021338
0.0889325
0.231885
0.240959
-0.10185
0.241014
0.0919361
0.0663937
0.0432854
0.121647
0.459508
0.326582
-0.127395
-0.0489667
0.120834
-0.0069418
0.0670373
0.0630281
-0.121442
-0.137821
0.00359213
0.0146421
-0.119211
-0.253711
-0.194419
-0.158793
-0.182014
-0.0947174
-0.184445
-0.140771
-0.308998
-0.0567022
-0.12148
-0.228741
-0.150145
-0.478675
-0.11533
-0.186845
-0.155772
-0.211775
-0.0966146
0.0166689
-0.0472851
-0.0838043
0.104921
-0.0296494
-0.0225739
0.191761
0.0133693
-0.0206448
-0.145031
0.312015
0.0965294
0.0642805
0.0101869
-0.122485
-0.288525
0.199121
-0.00679141
-0.0841593
-0.127737
-0.0125052
-0.0798589
-0.200206
-0.20607
-0.148593
-0.098595
-0.156249
-0.365835
-0.197397
-0.155714
0.111445
-0.052573
0.0938728
-0.128791
-0.00560451
-0.151701
0.022621
0.316859
0.0368099
-0.0389106
0.0415337
0.155006
0.100511
0.136902
-0.197823
-0.0127965
-0.106419
-0.0854762
-0.253916
-0.126312
-0.596446
-0.494175
-0.554843
-0.502639
-0.302238
-0.41769
-0.31755
-0.168102
-0.458083
-0.30592
-0.491037
-0.265481
-0.306239
-0.258045
-0.51987
-0.177316
-0.197421
-0.34667
-0.346831
-0.093195
-0.0891492
-0.298462
-0.0625612
-0.0329425
-0.114408
-0.151332
-0.0700731
-0.0229394
0.316914
0.253481
-0.0358583
0.175279
-0.123045
0.131974
0.0554914
-0.0476465
-0.0715483
-0.0163649
-0.543674
-0.461634
-0.447052
-0.759499
-0.859053
-0.789771
-0.785037
-0.960224
-0.80611
-0.791435
-0.774155
-0.758943
-0.79117
-0.669619
-0.582048
-0.435013
-0.63633
-0.508869
-0.544117
-0.522812
-0.484709
-0.586708
-0.633651
-0.444691
-0.405137
-0.192653
-0.305275
-0.305251
