-1
-1
-1.09391
-1.03267
-1.08399
-0.971006
-1.03627
-1.10078
-0.996348
-0.943642
-1.01424
-0.99101
-1.03178
-1.02954
-0.869387
-0.868459
-1.02565
-1.04778
-0.998269
-1.09104
-0.796338
-0.879204
-0.999039
-0.947692
-0.780349
-0.806412
-0.77733
-0.761174
-0.6795
-0.638587
-0.683715
-0.667475
-0.557319
-0.671993
-0.517461
-0.553001
-0.487498
-0.548435
-0.473055
-0.363531
-0.442238
-0.351686
-0.418449
-0.356129
-0.405487
-0.370655
-0.270602
-0.498227
-0.361022
-0.33001
-0.18365
-0.314074
-0.198994
-0.393487
-0.299354
-0.363616
-0.407405
-0.235766
-0.221181
-0.358396
-0.3073
-0.16764
-0.214889
-0.223161
-0.341775
-0.182996
-0.209959
-0.097122
-0.173576
-0.157213
0.00578713
-0.214045
-0.293827
-0.232321
-0.14297
-0.0043996
-0.110533
-0.186514
-0.0943035
-0.0812784
-0.259122
-0.0915816
-0.0301301
0.0292077
0.00700295
0.115875
-0.0118519
-0.0849735
-0.178886
0.00665474
0.0354882
-0.00707263
0.0648224
0.124304
0.119537
0.03704
0.104408
0.102253
0.0932688
0.204563
0.0616701
0.014098
0.116877
0.00477028
0.186861
0.207723
0.0756809
0.0483524
0.198452
0.21066
0.00964081
0.0850582
0.129688
0.0869899
0.0452188
0.0524093
-0.130543
-0.0364605
0.160228
-0.0595335
0.0120231
0.0708246
0.0802706
-0.0380381
0.0821917
0.0114483
0.04609
0.139655
0.0312848
-0.0380841
0.148717
0.11247
0.00261545
-0.122306
-0.0831187
0.0958403
0.0294818
-0.0267949
-0.121827
-0.0235221
-0.0581459
0.0602543
-0.0363712
0.0368179
0.128338
0.134758
-0.0870965
-0.0278918
-0.096132
-0.0919052
0.0827031
0.021003
-0.013502
0.0717331
0.0872854
0.0766422
0.0332594
0.00627387
-0.0226769
0.0439773
-0.0884321
0.0721402
-0.032385
0.137128
0.174498
0.133113
0.0840104
0.0804702
-0.0917294
0.20041
0.137616
0.20543
0.140461
-0.0117978
0.104361
0.108673
0.150859
0.0909874
0.151016
0.0525794
0.184002
-0.0100607
0.0373896
0.138393
0.24944
-0.0345341
-0.0981551
-0.0230041
0.12355
0.0314324
0.0568194
-0.000866771
0.0959989
-0.00648314
0.090946
0.0113803
0.00999701
0.00348234
0.104991
0.116712
0.178576
0.0790063
0.271092
0.21052
0.114233
0.00801289
0.159817
0.124319
0.227067
0.0250314
0.188339
0.0135971
0.0570183
0.125368
-0.156534
-0.114319
-0.102371
-0.177801
-0.197821
-0.441345
-0.375094
-0.411205
-0.286305
-0.230604
-0.356022
-0.336467
-0.40584
-0.253866
-0.273204
-0.165613
-0.196335
-0.23229
-0.265717
-0.181646
-0.288876
-0.172384
-0.131989
-0.261705
-0.116505
-0.129827
-0.206141
-0.0733694
-0.120762
-0.0883662
-0.0946696
0.0056572
-0.0593829
0.0204421
-0.0049901
0.00854683
0.0851378
-0.0379701
0.0192131
-0.195033
0.0703404
-0.0996864
-0.0390153
-0.144426
-0.145297
-0.0592275
-0.00343722
-0.140052
-0.189254
-0.209865
-0.231789
-0.146253
-0.141376
-0.226555
-0.144154
-0.108913
-0.0123562
-0.0385893
-0.21449
-0.0421009
-0.0336221
-0.0993244
0.0515026
0.0408556
-0.0975778
-0.168276
-0.0796597
0.053912
-0.159442
0.127579
0.149468
0.110277
0.00516498
0.0321168
0.019593
0.0307868
-0.00601697
-0.0307921
-0.00864726
0.0437151
-0.206945
-0.283471
-0.33053
-0.56008
-0.425585
-0.257474
-0.516288
-0.42664
