-1
-1
-0.854647
-1.01848
-0.961031
-0.986385
-1.07534
-1.06466
-0.955942
-1.07484
-1.06475
-1.06119
-0.975839
-1.04664
-0.99623
-1.04505
-0.828417
-0.908332
-1.1826
-0.973854
-0.711193
-0.810364
-1.08016
-0.795669
-0.650595
-0.42268
-0.669727
-0.200293
-0.237005
-0.0733757
-0.168824
-0.0396397
-0.0366067
0.187095
-0.32011
-0.0721774
0.126632
0.165049
0.0153279
0.101794
-0.0343021
-0.0203447
0.304052
0.330481
0.235406
0.15921
0.0175284
-0.0122461
0.209045
0.351107
-0.125455
0.0411128
0.0940648
0.119048
0.0773807
0.106399
-0.0017103
0.0320022
0.0437645
0.187398
-0.0498666
0.21384
0.120186
0.0298194
0.0621697
0.0581279
-0.0614452
-0.0335448
0.0966494
-0.201079
0.0367067
-0.0782976
-0.216858
-0.25218
0.0717798
-0.193446
-0.0697299
-0.0676724
-0.308198
-0.176147
-0.0697021
-0.197372
-0.0296295
0.0831971
-0.1753
-0.163161
0.0482016
0.136043
0.113074
0.179253
0.0661565
0.206986
-0.085334
0.106141
-0.0457095
0.0119753
0.124526
-0.0657663
-0.0503669
0.155987
0.103364
-0.142582
-0.106334
-0.0349987
-0.0421622
0.0232586
-0.0256441
-0.268351
-0.192225
-0.0506185
-0.17245
-0.140661
-0.0517902
-0.0553817
0.0715082
0.153013
0.187179
-0.0581616
0.175139
0.271033
0.148141
0.152355
0.0724272
0.0671705
0.194144
-0.0668258
-0.0182952
0.106464
0.0939296
0.011422
-0.0448611
0.0693345
-0.121699
-0.147749
-0.0541742
-0.0519893
-0.00296849
-0.0427163
-0.037936
0.0312443
0.11508
0.0998579
-0.08203
0.121836
0.257175
0.0459839
0.0258476
-0.0387694
0.0424075
-0.0999185
-0.0854646
0.0647209
-0.0211409
-0.430451
-0.290864
-0.21237
-0.468166
-0.284677
-0.398408
-0.173279
-0.283353
-0.374596
-0.18517
-0.242731
-0.454767
-0.500676
-0.132501
-0.265927
-0.0872323
-0.229119
-0.327469
-0.26904
-0.0990057
0.0664476
-0.272358
0.0388269
-0.16643
-0.0600226
-0.0383303
-0.048889
-0.167227
0.165852
-0.205347
0.0272835
0.0503303
0.0346136
-0.0030002
-0.0124264
-0.0418973
-0.263072
-0.232015
-0.267325
-0.277841
-0.236322
-0.238668
-0.279763
-0.0229694
-0.349017
-0.409262
-0.050383
-0.239685
-0.20568
-0.224827
-0.203127
-0.427207
-0.217848
-0.413326
-0.21871
-0.261536
-0.417997
-0.185494
-0.276296
-0.0120963
-0.231966
-0.12671
-0.0882475
-0.227702
-0.240941
-0.306384
-0.043546
0.133797
-0.196816
-0.109096
-0.0357987
0.0664113
0.0864035
-0.0241963
0.100465
-0.118709
0.204803
-0.158442
-0.11859
0.100035
-0.0304379
0.00605595
0.00593662
-0.0390681
-0.134999
-0.108464
-0.272519
-0.207001
-0.0968584
-0.40722
-0.375238
-0.194667
