-1
-1
-1
-1.06785
-0.984837
-0.9907
-1.20023
-1.03584
-1.01638
-0.961353
-0.914439
-1.1104
-1.06967
-0.982011
-1.01966
-1.12488
-0.885156
-1.06155
-1.05596
-1.07345
-0.998705
-1.07502
-1.02103
-0.993325
-1.03497
-0.912889
-0.842819
-0.547112
-0.919544
-0.912978
-0.618532
-0.625138
-0.460487
-0.389692
-0.421816
-0.495386
-0.452996
-0.0409541
-0.308193
-0.401389
-0.367826
0.00381672
-0.150503
-0.100818
-0.276091
-0.146776
-0.504065
-0.128185
-0.176374
-0.219642
-0.456296
-0.213567
-0.0557477
-0.274486
-0.211591
-0.0265517
-0.511872
-0.472765
0.0305586
-0.0559956
0.0566672
0.112853
-0.248752
0.107729
0.396735
-0.235546
-0.097912
0.603642
0.0669864
0.219035
-0.11507
0.204693
-0.275485
-0.191562
-0.419443
-0.109407
0.247633
0.112775
-0.111119
-0.246381
0.227529
-0.333507
0.165074
0.257644
-0.439755
-0.266177
0.0295347
0.0276873
0.0719157
0.169122
0.21101
-0.202366
0.205088
0.391675
-0.215308
0.103311
0.221358
0.354526
-0.025368
0.382575
0.0221224
-0.0685856
0.116945
0.0606368
-0.212178
-0.0290781
-0.13115
-0.0325807
0.297665
-0.00171107
-0.265175
-0.113458
0.385307
-0.0647596
0.230315
-0.150533
-0.150116
0.175414
-0.430088
0.283778
0.178034
0.00743794
-0.118146
-0.409432
-0.092772
0.11201
-0.0965315
0.134587
0.162318
0.194273
0.486861
-0.0333649
-0.389996
-0.0665047
0.324775
-0.120052
0.391512
0.23843
0.370898
0.470565
-0.084821
0.147436
0.295137
0.677761
0.225845
1.04639
0.510351
0.463783
0.887792
0.129743
0.759011
0.480605
0.543462
-0.255173
0.546693
0.173115
-0.0770512
0.58834
-0.146399
-0.0681903
0.104952
-0.108877
0.321736
-0.118868
0.246393
0.144042
0.0977374
0.565962
0.0775446
0.461702
0.604504
0.597694
0.489558
0.198619
0.194928
0.121053
-0.710248
0.033546
-0.0651712
0.450303
-0.242563
-0.316534
0.0357699
-0.276327
0.193826
-0.203663
-0.617492
0.0275331
0.113365
0.049123
0.389559
-0.315132
-0.228634
-0.0315436
-0.307889
0.0432961
0.120537
0.27911
0.242986
-0.287557
-0.25415
-0.0505784
-0.150958
-0.102898
0.0926267
-0.491995
0.291296
0.267256
-0.135727
0.119521
0.0445215
-0.283472
0.00810575
0.010836
0.132326
-0.565249
-0.274495
-0.0693818
-0.155834
-0.208962
-0.179788
-0.136258
-0.231545
0.0751511
-0.162088
-0.531689
-0.265566
-0.150045
-0.408739
-0.313764
-0.301237
-0.284404
-0.311912
-0.450691
-0.375535
-0.405546
-0.180717
-0.318746
-0.0133042
-0.590001
-0.0931036
-0.484251
-0.0602291
-0.137844
-0.176971
-0.0119323
-0.115224
-0.110887
-0.0394278
-0.335763
-0.265352
-0.00797057
-0.12853
-0.134522
0.0160463
-0.198851
-0.303882
-0.671312
-0.0552443
-0.0749786
-0.227823
-0.339835
-0.0898899
-0.337393
0.416748
-0.109645
0.0059942
-0.192344
-0.301583
-0.0944901
-0.119642
-0.224624
-0.0314864
-0.065774
-0.296067
-0.0226721
-0.123567
0.113188
-0.269095
-0.0900967
-0.246083
-0.514609
0.278427
-0.636094
-0.345944
-0.285086
-0.179995
-0.132018
-0.200467
-0.270427
-0.316613
0.0342506
-0.222442
-0.17611
-0.290254
-0.388019
-0.115818
0.253967
-0.0882232
-0.119288
0.00154388
0.233417
0.0277193
0.0368699
0.0121267
-0.0261164
-0.0270526
0.0862124
-0.100506
0.0244015
-0.110563
