-1
-0.882955
-1.03013
-0.94268
-1.10758
-0.903791
-0.957267
-0.951863
-1.11395
-1.10636
-0.995408
-0.933048
-1.07832
-0.930164
-1.02717
-0.968687
-0.964121
-0.954714
-1.03217
-0.985841
-0.999872
-1.05786
-0.938375
-0.998608
-0.937522
-1.01954
-0.959462
-1.03283
-1.03197
-0.903755
-0.896161
-0.930414
-0.722588
-0.725921
-0.680951
-0.701242
-0.846698
-0.722224
-0.701323
-0.540464
-0.612546
-0.511196
-0.540383
-0.467482
-0.491344
-0.352034
-0.592976
-0.372206
-0.627146
-0.432285
-0.442451
-0.233355
-0.482883
-0.342234
-0.508193
-0.294385
-0.183148
-0.209638
-0.511151
-0.417818
-0.388916
-0.297741
-0.60311
-0.321873
-0.561584
-0.309198
-0.588269
-0.183813
-0.65605
-0.382461
-0.568682
-0.266902
-0.0508668
-0.427652
-0.15298
-0.253332
-0.340759
-0.135616
-0.170755
-0.182531
-0.260604
-0.220848
-0.249492
0.153683
-0.315416
-0.118443
-0.0242149
-0.217284
-0.14198
-0.00349432
-0.0776591
-0.296629
-0.249847
-0.0816541
0.0884819
-0.231349
-0.516776
0.134766
-0.268613
-0.069455
-0.103138
0.188009
0.212175
-0.12315
-0.222683
0.141506
-0.126626
0.159267
-0.326337
-0.322035
0.157824
-0.00181687
0.0750517
0.148624
0.0136807
-0.111163
-0.0778122
-0.0874044
0.0302386
0.331477
0.128952
0.312187
0.184912
0.456285
0.25612
0.252674
0.233799
0.479044
0.409781
-0.00258785
-0.0638681
0.049741
-0.125867
0.324434
0.187722
0.109321
0.313623
0.421488
0.340055
0.157208
0.238153
0.38457
0.024487
0.202697
0.195909
0.161511
0.176037
0.147965
0.0564599
0.272849
0.0968357
0.40345
0.205164
0.335622
0.272466
0.253859
0.00326705
0.275771
-0.00472933
0.59215
0.166732
0.0149256
0.0794417
-0.124099
0.348906
0.180575
0.105545
0.401922
0.318146
0.294701
-0.0785617
0.188695
-0.0771244
0.0872313
0.287048
-0.0572091
0.0362371
-0.0983073
0.506953
0.123479
0.0779191
0.0702363
0.362488
0.215621
0.118196
0.506821
0.465606
0.303478
0.688184
0.239691
0.052858
0.291594
0.0392512
0.110675
0.618777
0.426257
0.0906757
0.362972
0.14853
0.0273553
0.355447
0.196938
-0.0488215
0.309554
0.120186
0.13518
0.27757
-0.31216
0.543768
0.250926
0.42458
0.346267
0.0487412
0.0725511
-0.216938
0.310957
-0.234546
0.111052
0.0151968
0.332351
-0.250937
-0.128843
0.29667
0.32733
0.0841545
0.0930493
0.147285
0.181649
0.11868
0.0141115
0.161696
0.420287
0.0363675
-0.141029
0.206355
-0.151859
-0.175936
0.12329
-0.323892
0.332064
0.00873184
0.46689
-0.024107
0.130436
0.247817
0.129495
0.0275284
-0.115207
0.0643274
-0.206392
0.355192
0.0415999
0.00106466
0.203085
0.0800686
0.342792
0.0653334
0.0802692
-0.44118
-0.471655
-0.375747
-0.197419
-0.022826
0.218807
-0.0726647
-0.236428
-0.108212
-0.208837
-0.117903
-0.121267
-0.318857
0.0665042
0.0973072
-0.247936
0.0384493
-0.0148017
-0.101917
-0.0386903
-0.0397434
-0.330681
0.0843064
-0.215395
-0.114231
-0.124174
-0.113079
0.0683498
0.0304741
-0.0721115
0.0490917
-0.0118648
-0.157141
0.252743
0.0339772
-0.175226
-0.044885
-0.14308
-0.122094
-0.150172
0.0194932
0.0251415
-0.0234946
-0.17216
-0.169748
-0.328544
-0.1258
-0.444175
-0.397259
0.0176392
-0.284622
0.0628809
-0.316593
-0.193796
0.0291933
-0.0882041
0.215842
0.066588
-0.257163
-0.236573
-0.281042
-0.156105
-0.203777
-0.104474
-0.162965
-0.0392463
0.0398418
-0.0675547
0.00282025
-0.0689026
0.0259641
-0.0441833
-0.156672
-0.0976459
-0.299905
0.0214763
-0.0234821
0.0807306
0.217049
-0.307215
0.130624
0.092142
-0.124436
0.0732
0.0976316
-0.0850687
0.182437
0.253376
-0.0060544
0.0585536
-0.20277
0.149506
0.12595
-0.148321
0.116098
-0.0869571
-0.0493425
-0.126454
0.0300235
-0.181093
