-1
-1
-1.04212
-0.984045
-1.02902
-0.769215
-0.794705
-0.984497
-1.18418
-1.10267
-0.997276
-1.03814
-1.14323
-0.963119
-0.761939
-0.788101
-1.14794
-0.943729
-0.963312
-1.04581
-0.806084
-1.09597
-0.865912
-0.700742
-0.871531
-0.974461
-1.04243
-0.788805
-0.871622
-0.785551
-0.546098
-0.841619
-0.905091
-0.783686
-0.802742
-0.889333
-0.624611
-0.598169
-0.379234
-0.545096
-0.55491
-0.665222
-0.61178
-0.676877
-0.557718
-0.472577
-0.336638
-0.651758
-0.555825
-0.494857
-0.403216
-0.329253
-0.375014
-0.604099
-0.599517
-0.270196
-0.48614
-0.341339
-0.342359
-0.716083
-0.32181
-0.440702
-0.259821
-0.647545
-0.34333
-0.299072
-0.220215
-0.422219
-0.427975
-0.298977
-0.257143
-0.500734
-0.427878
-0.235269
-0.490957
-0.151342
-0.320053
-0.193717
-0.0748476
0.134943
-0.0506175
-0.213763
-0.486323
-0.281628
-0.277325
-0.242279
-0.639295
-0.499397
-0.317046
-0.270821
-0.404642
-0.285447
0.0120966
-0.277226
-0.332087
0.0323547
0.0112323
0.0278441
-0.00799996
-0.223301
-0.21282
0.02019
-0.00244159
-0.0842466
0.183647
0.00369525
0.0515772
0.231907
-0.204823
0.102314
0.24078
0.0411527
-0.175503
0.0413398
0.252115
0.216588
0.316071
-0.220981
0.118725
0.249969
-0.192207
0.525167
0.178702
0.081156
0.10916
0.254387
-0.0821409
-0.241841
0.237199
0.137114
-0.303486
0.651185
0.554205
0.0980533
0.21301
-0.176539
-0.319059
-0.196308
0.0552746
-0.341758
-0.151373
0.11424
0.0512515
0.258959
0.224866
-0.0702404
0.287674
0.316182
0.1995
0.108846
-0.0868673
0.0982119
-0.0337006
0.199279
0.00641632
-0.126403
0.26625
-0.141435
-0.21656
-0.194909
-0.152564
0.188262
0.0501188
0.035193
0.041283
0.205631
-0.0116227
-0.0394254
-0.0466498
-0.0742758
0.030046
0.187825
-0.147887
-0.127063
0.0608659
-0.620141
0.34258
-0.452698
-0.355642
0.0954882
-0.171068
-0.210891
-0.0682992
-0.308646
-0.331671
-0.154333
-0.0184667
-0.249679
-0.0282422
-0.356205
-0.0171272
0.133985
0.137979
-0.462199
0.194829
-0.185731
-0.405295
0.258872
-0.040517
0.0229806
-0.00563687
-0.0899169
-0.0714793
-0.46291
-0.418818
-0.170187
-0.0255862
-0.331817
-0.528804
-0.0476513
-0.363363
-0.384681
-0.226057
-0.188716
-0.126333
-0.337056
-0.237197
-0.107449
-0.0965143
-0.272782
0.0931112
-0.391446
-0.200335
-0.0297658
-0.219487
-0.0840726
0.201081
0.172228
0.230786
0.21237
0.105239
0.35664
-0.130981
0.0519396
0.200711
-0.0581975
0.0205476
-0.174366
-0.0858938
-0.0436085
-0.273275
-0.36072
0.616795
0.0902952
-0.109433
-0.0535409
-0.108277
0.0633147
-0.22216
-0.244584
-0.306524
-0.698791
-0.545261
-0.198043
-0.297318
-0.379021
-0.446903
-0.142352
-0.210138
-0.280758
-0.325864
-0.224208
-0.431164
-0.379144
-0.240545
-0.0122833
-0.285614
-0.211932
0.28376
-0.34128
-0.260495
0.4132
0.247686
0.0207283
0.200919
0.433036
0.223976
0.17334
-0.15094
-0.156245
-0.269048
-0.342445
-0.22151
-0.358685
-0.166112
-0.485158
-0.546496
-0.264555
-0.807682
-0.0922958
-0.29912
-0.554891
-0.419556
-0.501855
-0.18792
-0.145691
-0.314565
-0.0591722
-0.396211
-0.0467916
0.0498029
-0.624795
-0.0844217
-0.0409055
0.0642351
-0.361929
-0.152073
0.00733316
0.0785325
