0
0
0
0
0
0
-0.301497
-0.4
-0.31612
-0.4
-0.320191
-0.4
-0.4
-0.4
-0.309425
-0.4
-0.4
-0.312036
-0.4
-0.318961
-0.4
-0.4
-0.314014
-0.4
-0.262591
-0.4
-0.147943
-0.0516576
-0.132459
-0.0193899
-0.126691
-0.00688001
-0.0040614
-0.0023905
-0.00140459
-0.000824449
-0.000483636
-0.000283609
-0.000166277
-9.74744e-05
-0.0894195
-1.67462e-05
-9.8154e-06
-5.75303e-06
-3.37196e-06
-1.97637e-06
-1.15839e-06
0.0811597
0.190152
0.190104
2.23118e-07
-7.51567e-08
0.150593
0.150593
-1.07556e-08
0.150593
0.150593
-2.16565e-09
-1.26932e-09
0.150593
-3.27041e-10
-1.91684e-10
-1.12349e-10
-6.58497e-11
-3.85956e-11
-2.26215e-11
-1.32589e-11
-6.21699e-12
-3.64388e-12
0.106375
-1.25179e-12
0.106375
0.106375
-2.52049e-13
-1.23108e-13
-7.21559e-14
0.0927572
0.0927572
-1.45286e-14
-8.51546e-15
0.0927572
-2.92534e-15
-1.71459e-15
-8.61385e-16
-5.04872e-16
-2.95914e-16
-1.7344e-16
-1.01656e-16
-5.95824e-17
-3.49222e-17
-2.04685e-17
-1.04973e-17
-6.15265e-18
-3.60617e-18
-2.11364e-18
0.0291671
0.0740912
0.0738525
8.99563e-08
0.0738491
0.0670185
0.0670185
0.0670185
0.0670185
0.0670185
2.15595e-21
-2.68399e-21
-1.62766e-21
-9.54749e-22
-5.59605e-22
0.0565562
0.0565562
0.0565562
-6.00378e-23
-3.51892e-23
0.0565562
-1.20886e-23
-7.08535e-24
0.0565562
0.0524613
-1.30775e-24
-7.66494e-25
0.0204383
0.00031391
0.0204418
0.00031397
4.34297e-06
5.99823e-08
8.28419e-10
1.14413e-11
1.45862e-13
0.0489193
2.78224e-17
0.0489193
0.0489193
0.0458254
0.0458254
0.0458254
1.04601e-28
0.0458254
-2.5626e-29
0.0430996
-8.22743e-30
-4.82224e-30
-2.82639e-30
-1.6566e-30
-9.70959e-31
-5.69095e-31
-3.33556e-31
-1.83284e-31
-1.07426e-31
-6.2964e-32
-3.69043e-32
0.0406798
-1.26778e-32
-7.43068e-33
0.0157306
0.000235525
3.06506e-06
0.0385173
0.0385173
8.0747e-12
1.1152e-13
0.0385173
0.0365731
2.77466e-19
3.8321e-21
5.29253e-23
7.30954e-25
1.00952e-26
1.39426e-28
1.92562e-30
2.51944e-32
3.47554e-34
4.56145e-36
-7.68704e-38
-8.30411e-38
-4.91964e-38
-2.88421e-38
0.0332195
0.0332195
0.0332195
0.0332195
0.0317632
0.0317632
0.0317632
0.0317632
-2.1302e-40
-1.24854e-40
-7.31786e-41
-4.28909e-41
-2.51393e-41
-1.40648e-41
-8.24384e-42
-4.83168e-42
-2.83202e-42
-0.0136925
-9.72501e-43
-0.0131363
-3.19496e-43
-0.0131363
-1.09301e-43
-6.44597e-44
-3.78351e-44
-2.24208e-44
-1.26117e-44
-7.00649e-45
0.0112114
0.0293326
2.26549e-06
2.99854e-08
4.14131e-10
5.71958e-12
7.89934e-14
1.09098e-15
1.50676e-17
2.081e-19
2.75911e-21
3.81062e-23
5.26287e-25
7.26858e-27
1.00387e-28
1.38645e-30
1.91483e-32
2.64458e-34
0.0260528
4.85039e-38
0.0260528
8.90946e-42
0.0251485
1.4013e-45
0
0.0251485
0
0
0
0
0
0
0
0
