0
0
0
0
0
0
-0.301497
-0.4
-0.31612
-0.4
-0.4
-0.313387
-0.4
-0.319359
-0.4
-0.321225
-0.4
-0.321846
-0.4
-0.322057
-0.4
-0.4
-0.247945
-0.4
-0.4
-0.4
-0.30327
-0.4
-0.4
-0.4
-0.143538
-0.0426659
-0.0261622
-0.127839
-0.00939078
-0.0055581
-0.00327654
0.256592
-0.00113168
-0.000664076
0.257495
-0.000228381
0.190052
-3.92467e-05
-2.30041e-05
-1.34834e-05
-7.90295e-06
0.1901
-2.71496e-06
-1.06086e-06
0.150592
0.150593
-2.13605e-07
0.150593
-7.33802e-08
-4.30094e-08
-2.52085e-08
-1.47751e-08
-8.65995e-09
-3.80681e-09
-2.23123e-09
-1.30776e-09
-7.66502e-10
-4.49259e-10
0.12468
-1.54335e-10
-9.04585e-11
-4.24154e-11
0.106375
0.106375
0.106375
0.106375
-2.93389e-12
-1.7196e-12
-1.00789e-12
-4.92283e-13
0.0927572
0.0927572
0.0927572
-5.80966e-14
-3.40514e-14
0.0822302
-1.00267e-14
0.0822302
-3.44449e-15
0.0822302
0.0822302
-6.93549e-16
0.0822302
-2.38257e-16
-1.2219e-16
0.0738491
0.0738491
0.0738491
-1.44203e-17
-8.45196e-18
-4.95384e-18
-2.90353e-18
0.0738491
0.0670185
0.0670185
0.0670185
0.0670185
0.0670185
0.0670185
0.0670185
0.0613444
-1.11136e-20
0.0613444
0.0613444
0.0613444
0.0565562
-6.9885e-22
-4.09608e-22
0.0220911
0.000342398
4.73688e-06
6.54228e-08
9.03558e-10
0.0524613
0.0524613
2.18196e-15
3.01352e-17
0.0524613
0.0524613
0.0524613
0.0489193
-1.81724e-25
0.0489193
-6.72273e-26
0.0489193
-2.1446e-26
-1.25699e-26
-7.3674e-27
-4.31816e-27
-2.53094e-27
-1.48343e-27
-8.69462e-28
0.0458254
-2.98689e-28
0.0430996
-9.57687e-29
0.0430996
-3.28997e-29
-1.92831e-29
-1.13021e-29
-6.21034e-30
-3.63998e-30
-2.13345e-30
-1.25045e-30
-7.32912e-31
-4.29572e-31
-2.51779e-31
-1.47572e-31
0.0385173
0.0385173
0.0385173
0.0385173
0.0385173
0.0365731
-3.11702e-33
-1.82694e-33
0.0348157
0.0348157
0.0348157
-2.04258e-34
-1.19719e-34
0.0348157
0.0348157
-2.29002e-35
-1.34222e-35
-7.86697e-36
-4.61096e-36
-2.70256e-36
-1.58402e-36
-9.28418e-37
-5.44161e-37
-3.18942e-37
-1.78035e-37
-1.0435e-37
-6.1161e-38
-3.58475e-38
-2.10108e-38
-1.23148e-38
0.0122139
0.000179498
0.0317652
3.42691e-08
4.73292e-10
6.53666e-12
9.02782e-14
1.24684e-15
1.72201e-17
2.37828e-19
3.28466e-21
4.53645e-23
6.26532e-25
8.65307e-27
0.0317632
0.0317632
2.17594e-32
0.0304293
0.0304293
0.0304293
0.0292029
1.03696e-41
9.24857e-44
0.0112114
0.0293326
2.26549e-06
3.12892e-08
4.32136e-10
5.96826e-12
8.24279e-14
1.13842e-15
1.57227e-17
2.17147e-19
2.99903e-21
3.9694e-23
5.48216e-25
7.57143e-27
1.04569e-28
1.44421e-30
1.99461e-32
2.75477e-34
3.80462e-36
5.25459e-38
6.96685e-40
9.62132e-42
1.33123e-43
1.4013e-45
0
0
0
0
0.0260528
0
0
0
0
0.0260528
0
0
0
0
0
0.0251485
0
0
0
0
0
0
0
0
0
0
0
0
0.0235161
0
0
0
0
0
-0.0102279
0
0
0
0
0
0
0
0.0116529
0
0
0.0220827
0
0
-0.00991434
0
0
0
-0.00961942
0
-0.00961942
0
0
0
0
0
0
0
0.020814
0
0
