0
0
0
0
0
0
-0.301497
-0.4
-0.31612
-0.4
-0.320191
-0.4
-0.4
-0.4
-0.4
-0.306304
-0.4
-0.317361
-0.4
-0.32058
-0.4
-0.321629
-0.4
-0.321983
-0.4
-0.322104
-0.4
-0.270003
-0.4
-0.151927
-0.0596646
-0.0372714
-0.129792
-0.0136382
-0.00810798
-0.00479243
-0.00282292
0.114559
0.256771
0.257383
0.257526
0.190028
0.190059
0.190078
0.190089
0.190095
0.150589
0.150591
0.150592
0.150592
0.150592
-3.13627e-07
-1.83822e-07
-1.07741e-07
-4.73617e-08
-2.77595e-08
-1.62703e-08
-9.5363e-09
-5.58938e-09
-3.27603e-09
-1.92014e-09
-1.12542e-09
-6.5963e-10
-3.09296e-10
-1.81284e-10
0.106375
-6.22768e-11
-3.65015e-11
-1.78284e-11
-1.04496e-11
-6.12466e-12
-3.58976e-12
-2.10402e-12
-1.2332e-12
-6.19543e-13
-3.63124e-13
-2.12833e-13
-1.24745e-13
-7.31152e-14
-4.2854e-14
-2.51175e-14
-1.47218e-14
-8.62867e-15
-5.05741e-15
-2.5937e-15
0.0291671
0.0740912
6.51315e-06
0.0670185
0.0670185
0.0670185
2.10594e-13
2.87718e-15
0.0670185
0.0670185
-5.81192e-18
0.0613444
0.0613444
0.0613444
0.0565562
0.0565562
0.0565562
0.0565562
-7.36741e-20
-4.31816e-20
0.0565562
-1.48343e-20
-8.69463e-21
0.0524613
-2.73798e-21
-1.60478e-21
0.0524613
0.0524613
-3.23122e-22
-1.89387e-22
-1.02464e-22
-6.00561e-23
-3.51999e-23
-2.06312e-23
-1.20923e-23
-7.0875e-24
-4.1541e-24
-2.43479e-24
-1.32514e-24
-7.76685e-25
-4.55228e-25
-2.66817e-25
-1.56386e-25
-9.16603e-26
-5.37236e-26
-3.14883e-26
-1.72254e-26
0.0166918
0.000251207
3.47373e-06
0.0166918
0.000251207
3.47374e-06
0.0430996
0.0430996
8.57939e-12
1.1849e-13
0.0406798
0.0406798
0.0406798
0.0385173
5.60387e-23
7.7395e-25
0.0385173
1.46615e-28
1.44527e-30
-3.19772e-31
-2.0354e-31
-1.19521e-31
-6.61641e-32
-3.87799e-32
-2.27296e-32
-1.33222e-32
-7.80835e-33
-4.5766e-33
-2.68242e-33
-1.57221e-33
0.0348157
-5.1168e-34
-2.99904e-34
-1.75779e-34
-1.03027e-34
-6.03858e-35
-3.53931e-35
0.0332195
0.0332195
-6.77009e-36
0.0127856
0.0333636
0.0332215
0.0332195
4.96957e-10
6.86349e-12
9.47921e-14
1.30918e-15
1.72201e-17
2.37828e-19
3.28466e-21
4.53645e-23
6.26532e-25
8.65307e-27
1.19508e-28
1.57551e-30
2.17594e-32
3.0052e-34
-0.0136925
5.71819e-38
-0.0136925
-3.74665e-41
-2.82179e-41
-1.6625e-41
-0.0131363
-5.46366e-42
-3.20197e-42
-1.87634e-42
-1.10002e-42
-6.44597e-43
-3.78351e-43
-2.11596e-43
-1.24716e-43
-7.28675e-44
-4.34403e-44
-2.52234e-44
-1.4013e-44
-8.40779e-45
0.0270245
0.0270245
-1.4013e-45
0.0270245
-0
0.0260528
0.0260528
-0
0
0
0
0
0
0
0
0
0
0
0
0
0
-0.0109186
0
-0.0109186
0
-0.010562
0
-0.010562
0
-0.010562
0
-0.0102279
0
