0
0
0
0
0
0
-0.301497
-0.4
-0.31612
-0.4
-0.320191
-0.4
-0.321499
-0.4
-0.321939
-0.4
-0.322089
-0.4
-0.4
-0.4
-0.192623
-0.135224
-0.0921501
-0.237748
-0.207629
-0.154992
-0.108195
-0.239257
-0.209873
-0.157132
-0.15856
-0.0727377
-0.136681
-0.0283751
-0.0932033
-0.00517811
-0.0907219
-0.0017941
-0.0898601
-0.000618151
-0.0701715
-0.000141739
-0.0700865
-4.87033e-05
-2.85473e-05
-0.0700509
-9.80738e-06
-0.0575746
-2.52691e-06
-0.0575729
-8.68081e-07
-5.08797e-07
-0.0575722
-1.74789e-07
-1.02447e-07
-6.00457e-08
-3.51938e-08
-2.06276e-08
-0.0488712
-5.66902e-09
-3.32271e-09
-0.0488712
-1.14146e-09
-6.69028e-10
-3.92128e-10
-2.29833e-10
-1.34709e-10
-7.89551e-11
-4.62769e-11
-2.71237e-11
-1.58976e-11
-9.31787e-12
-5.46136e-12
-3.20099e-12
-1.87616e-12
0.0425517
-5.37101e-13
-3.14804e-13
-1.84512e-13
-1.08145e-13
-5.43307e-14
-3.18441e-14
-1.86644e-14
-1.09395e-14
-6.41183e-15
-3.75808e-15
-2.20267e-15
-1.29102e-15
0.0326535
0.0740912
0.0738525
8.99563e-08
1.24239e-09
1.71587e-11
0.0738491
0.0670185
3.19835e-17
-4.24937e-18
0.0670185
0.0670185
0.0670185
0.0613444
0.0613444
0.0613444
0.0613444
0.0565562
0.0565562
0.0565562
0.0565562
0.0565562
0.0565562
0.0565562
0.0524613
0.0524613
0.0524613
0.0524613
0.0524613
0.0489193
0.0489193
0.0489193
0.0489193
-8.9856e-24
-5.26661e-24
0.0458254
-1.68002e-24
0.0458254
0.0458254
0.0430996
-1.85049e-25
0.0166918
0.0432754
0.043102
0.0430996
0.0406798
8.57937e-12
0.0406798
0.0406798
0.0406798
3.12149e-19
4.05751e-21
5.60383e-23
0.0385173
1.05969e-26
9.35904e-29
-2.96331e-29
-1.85353e-29
0.0148741
0.000221686
0.0148767
0.0386791
0.0365752
3.99882e-08
5.52279e-10
7.62756e-12
1.05345e-13
0.014106
0.0349653
2.74243e-06
3.78763e-08
0.0332195
0.0332195
0.0332195
0.0332195
1.80811e-17
2.49719e-19
3.44889e-21
0.0122139
0.000179498
0.0317652
0.0317633
0.0317632
0.0317632
0.0317632
1.24684e-15
0.0317632
0.0304293
0.0304293
0.0304293
5.98053e-25
8.25974e-27
0.0292029
0.0292029
0.0292029
0.0292029
0.0292029
0.0292029
-3.45705e-39
-2.35714e-39
0.0280715
0.0280715
-4.76629e-40
-2.7936e-40
-1.63738e-40
0.0280715
0.0280715
0.0280715
-1.85504e-41
-1.08727e-41
-6.37311e-42
-3.73586e-42
0.0260528
-0.0117093
0.0136328
0.0260528
0.0251485
0.0251485
0.0251485
0.0251485
0.0251485
0.0251485
0.0243049
0.0243049
0.0243049
0.0243049
0.0243049
0.0235161
0.0235161
0.0235161
0.0235161
-0
0
0
0
0
0
0
0
0
0
0
0
0
0
0
0
0
0
0
0
0
0
0
0
0
0
0
0
0
0
0
0.0202328
0
0
0
0.0196831
0.0196831
0
0
0
0.0196831
0
0
0
0
0
0
0
0
0
0
0
0
0
0
0
0
0
0
0
0
0
0.00712027
0.018286
1.37122e-06
1.89382e-08
2.61556e-10
0.00693939
9.9236e-05
0.0182011
0.0181999
0.0181999
0.017754
0.017754
0.017754
0.017754
1.2486e-19
1.72444e-21
2.38164e-23
3.28929e-25
4.54286e-27
6.27417e-29
8.66528e-31
