0
0
0
0
0
0
-0.301497
-0.4
-0.4
-0.234364
-0.4
-0.4
-0.303483
-0.4
-0.316622
-0.4
-0.4
-0.313496
-0.4
-0.319391
-0.4
-0.4
-0.4
-0.4
-0.306228
-0.4
-0.177156
-0.107774
-0.0710968
-0.0449799
-0.0276504
-0.0166837
0.251808
-0.00589273
0.255679
-0.00204412
0.257019
-0.000704584
0.257481
0.19001
-7.10467e-05
-4.16447e-05
-2.44097e-05
0.150585
-5.59062e-06
-3.27677e-06
-1.92058e-06
-1.12568e-06
0.150592
-3.8671e-07
-2.26657e-07
-9.96358e-08
-5.83982e-08
-3.42282e-08
-2.00617e-08
-1.17585e-08
-6.89185e-09
-4.03943e-09
-2.36758e-09
-1.38768e-09
-8.1334e-10
-4.76712e-10
-2.79409e-10
0.106375
-7.67889e-11
-4.50073e-11
-2.63795e-11
0.106375
-9.06223e-12
-5.31152e-12
-3.11317e-12
-1.52057e-12
-8.9123e-13
-5.22365e-13
-3.06167e-13
-1.79449e-13
-1.05178e-13
0.0822302
-3.09705e-14
0.0822302
-1.06394e-14
0.0738491
-3.1981e-15
-1.87446e-15
0.0738491
-6.43938e-16
0.0738491
0.0738491
0.0738491
0.0670185
0.0670185
0.0670185
0.0670185
0.0670185
0.0670185
-2.73862e-18
-1.60515e-18
0.0670185
-4.9628e-19
-2.90878e-19
-1.70489e-19
0.0613444
-5.85684e-20
0.0613444
-1.82911e-20
0.0565562
0.0565562
0.0565562
-2.15861e-21
0.0524613
-6.79759e-22
0.0524613
0.0524613
-1.3687e-22
-8.02215e-23
-4.34023e-23
0.0489193
-1.49101e-23
-8.73907e-24
-4.75625e-24
-2.78772e-24
-1.63393e-24
-9.57672e-25
0.0458254
-3.28992e-25
-1.79972e-25
-1.05485e-25
-6.18264e-26
-3.62375e-26
-2.12394e-26
-1.24488e-26
-7.29643e-27
-4.27656e-27
-2.50656e-27
-1.46914e-27
0.0406798
-4.73153e-28
-2.77323e-28
-1.62544e-28
-9.52696e-29
-5.58391e-29
-3.27282e-29
-1.91826e-29
0.0385173
-6.2022e-30
-3.63521e-30
-2.13066e-30
-1.24881e-30
0.0385173
-4.29009e-31
-2.3748e-31
-1.39191e-31
0.0365731
-4.78166e-32
-2.80261e-32
-1.5562e-32
-9.12116e-33
-5.34606e-33
-3.13342e-33
0.0348157
-1.07643e-33
-6.30914e-34
-3.513e-34
-2.05903e-34
-1.20683e-34
-7.07343e-35
0.0332195
-2.42996e-35
-1.35642e-35
-7.95018e-36
-4.65974e-36
-2.73115e-36
-1.60077e-36
0.0317632
-5.49918e-37
-3.22316e-37
-1.80328e-37
-1.05693e-37
-6.19485e-38
-3.6309e-38
-2.12813e-38
0.0304293
0.0304293
0.0304293
0.0304293
0.0292029
-8.25274e-40
0.0292029
-2.83508e-40
-1.59245e-40
-9.33363e-41
-5.47053e-41
-3.20645e-41
-1.87928e-41
-1.10156e-41
-6.45578e-42
-3.78351e-42
-2.21826e-42
-1.3004e-42
-7.62306e-43
-4.47014e-43
-2.50832e-43
-1.47136e-43
-8.68805e-44
-5.04467e-44
-0.0121492
-1.68156e-44
-0.0121492
-5.60519e-45
-0.0117093
-1.4013e-45
-0.0117093
-0
-0.0117093
-0
-0.0113001
-0
-0.0113001
0
0
0
0
0
0
0.0251485
0
0.0251485
0.0251485
0
0.0251485
0.0243049
0.0243049
0
0
0
0.0123716
0
-0.010562
0
-0.010562
0
-0.0102279
0
0
-0.0102279
