0
0
0
0
0
0
-0.301497
-0.4
-0.31612
-0.4
-0.320191
-0.4
-0.321499
-0.4
-0.321939
-0.4
-0.322089
-0.4
-0.4
-0.4
-0.322158
-0.4
-0.4
-0.314762
-0.4
-0.319773
-0.4
-0.321361
-0.4
-0.191779
-0.133763
-0.0909948
-0.0588771
-0.0367475
-0.129697
-0.0134342
-0.125708
-0.00471912
-0.00277953
-0.00163383
-0.0896135
-0.000281589
-0.000165092
-0.0894488
-5.673e-05
-0.0894215
-1.94904e-05
0.0624059
0.150589
-0.0700433
-1.53351e-06
-8.98815e-07
0.150592
-3.08773e-07
-1.80977e-07
-1.06074e-07
-6.21715e-08
-3.64398e-08
0.12468
-9.38869e-09
-5.50287e-09
-0.057572
0.12468
0.12468
0.12468
0.106375
0.106375
0.106375
0.106375
0.106375
-2.1063e-11
0.0429124
0.106634
0.106379
0.0927572
1.65531e-09
0.0927572
0.0927572
-2.40098e-13
-1.43223e-13
-8.39798e-14
-4.92225e-14
0.0370866
0.000626836
8.6841e-06
1.19942e-07
1.65652e-09
0.0822302
2.69832e-13
3.1529e-15
-2.92748e-16
-2.0115e-16
-1.18306e-16
-6.93465e-17
0.0822302
-2.38228e-17
-1.3963e-17
0.0822302
-4.19715e-18
-2.46002e-18
-1.44186e-18
-8.45096e-19
-4.95325e-19
-2.90318e-19
-1.7016e-19
-9.97338e-20
-5.19606e-20
-3.0455e-20
-1.78502e-20
-1.04623e-20
0.0670185
-3.23472e-21
-1.89592e-21
0.0613444
-6.51312e-22
-3.81745e-22
0.0240347
0.000376574
0.0613475
7.1965e-08
0.0565562
1.24791e-11
1.72349e-13
0.0565562
0.0565562
4.16197e-19
5.74725e-21
0.0524613
7.89963e-25
0.0524613
-9.69901e-26
0.0489193
0.0489193
-1.81701e-26
-1.06498e-26
-6.24204e-27
-3.65856e-27
-2.14435e-27
-1.25684e-27
0.0430996
0.0430996
-2.36193e-28
0.0430996
0.0430996
0.0406798
0.0406798
-1.53165e-29
-8.97725e-30
-5.26172e-30
-3.08398e-30
-1.70124e-30
-9.97128e-31
-5.84433e-31
-3.42546e-31
-2.00772e-31
-1.17676e-31
0.0385173
-3.81796e-32
-2.23777e-32
0.0365731
0.0365731
-4.50576e-33
-2.6409e-33
-1.54788e-33
-9.07236e-34
0.0348157
-2.95262e-34
0.0348157
-1.01432e-34
0.0348157
0.0348157
-2.04234e-35
0.0348157
0.0332195
-3.90664e-36
-2.28975e-36
-1.34206e-36
0.0317632
-4.39087e-37
-2.57356e-37
-1.50841e-37
-8.84103e-38
-5.18187e-38
-3.03718e-38
-1.78014e-38
0.0304293
-5.8374e-39
-3.4214e-39
0.0304293
-1.17536e-39
-6.58948e-40
0.0292029
0.0292029
-1.32679e-40
-7.77651e-41
-4.558e-41
-2.67144e-41
0.0280715
-8.79455e-42
-5.15538e-42
-3.0212e-42
-1.77124e-42
-1.03836e-42
-6.08164e-43
-3.41917e-43
-2.00386e-43
-1.17709e-43
-6.86636e-44
0.0270245
0.0270245
0.0270245
-8.40779e-45
-4.2039e-45
-2.8026e-45
0.0260528
-1.4013e-45
-0
0.00998234
0.000145004
2.00409e-06
2.76789e-08
3.82274e-10
5.27961e-12
0.0251485
0.0251485
1.33934e-17
1.84977e-19
2.55473e-21
0.0251485
0.0251485
6.73016e-27
9.29506e-29
1.28375e-30
1.77299e-32
0.0243049
3.26111e-36
4.50393e-38
6.22041e-40
8.59136e-42
1.1911e-43
1.4013e-45
0
0
-0.010562
0
0
-0.010562
0
-0.0102279
0
0
-0.0102279
0
-0.0102279
0
-0.00991434
0
-0.00991434
0
-0.00991434
0
-0.00961942
0
0
0
0
0.0214296
0.0214296
0.0214296
0
0
0
0
0
0
-0.00961942
0
0
0
0
0
0
-0.00934154
0
0
0
