0
0
0
0
0
0
-0.301497
-0.4
-0.31612
-0.4
-0.320191
-0.4
-0.321499
-0.4
-0.321939
-0.4
-0.322089
-0.4
-0.4
-0.4
-0.4
-0.4
-0.309728
-0.4
-0.3183
-0.4
-0.32088
-0.4
-0.32173
-0.4
-0.322017
-0.4
-0.4
-0.4
-0.151881
-0.0595723
-0.133999
-0.0226827
-0.127245
-0.00809354
-0.0904432
-0.00141389
-0.0897639
-0.000486848
-0.000285494
-0.000167382
-9.81223e-05
-5.7517e-05
-3.37137e-05
-1.97608e-05
-1.15824e-05
-6.78871e-06
-0.0894089
-2.33217e-06
-1.36693e-06
-8.0118e-07
-3.13057e-07
-1.83488e-07
-1.07545e-07
-6.30342e-08
-3.69454e-08
-2.16543e-08
-1.26919e-08
-5.57922e-09
-3.27007e-09
-1.91665e-09
-1.12338e-09
-6.5843e-10
-3.85917e-10
-2.26192e-10
0.106375
-6.21636e-11
-3.64351e-11
-2.13552e-11
-1.25167e-11
-7.33622e-12
-3.58324e-12
-2.10019e-12
0.0370866
0.0930155
0.0927607
0.0927572
0.0822302
0.0822302
0.0822302
-2.13313e-14
0.0326535
0.000537528
7.44356e-06
1.02807e-07
1.41987e-09
0.0822302
0.0738491
0.0738491
0.0738491
0.0738491
0.0670185
-3.20515e-17
-1.8786e-17
0.0670185
0.0670185
0.0670185
0.0670185
-1.16949e-18
0.0613444
0.0613444
0.0613444
0.0613444
-7.35401e-20
-4.31031e-20
0.0565562
0.0565562
0.0565562
-5.0868e-21
0.0565562
0.0524613
0.0524613
0.0524613
0.0524613
0.0524613
-1.10801e-22
-6.49424e-23
0.0489193
0.0489193
0.0489193
0.0489193
0.0489193
0.0489193
0.0489193
0.0458254
0.0458254
0.0458254
0.0458254
0.0458254
0.0430996
0.0430996
0.0430996
-1.00778e-26
0.0430996
0.0430996
0.0406798
0.0406798
0.0406798
-3.83036e-28
-2.24504e-28
0.0406798
0.0385173
0.0385173
0.0385173
-1.46155e-29
-8.56641e-30
-5.02092e-30
0.0385173
0.0365731
0.0365731
0.0365731
-3.28005e-31
0.0365731
0.0348157
-6.25678e-32
0.0348157
0.0348157
0.0348157
0.0332195
-4.11145e-33
-2.40979e-33
0.0332195
0.0332195
0.0332195
-2.84391e-34
0.0332195
0.0332195
0.0332195
-3.19641e-35
0.0317632
-1.09807e-35
-6.43598e-36
-3.77224e-36
-2.11047e-36
-1.23698e-36
0.0304293
0.0304293
-2.49067e-37
-1.45982e-37
-8.55626e-38
-5.01497e-38
0.0116912
0.0293326
0.0292047
0.0292029
4.32136e-10
0.0292029
0.0292029
0.0280715
0.0280715
0.0280715
0.0280715
0.0280715
0.0270245
7.26858e-27
1.00387e-28
0.0270245
1.91483e-32
2.64458e-34
3.65244e-36
5.0443e-38
6.96094e-40
0.0270245
0.0270245
0.0260528
-6.72623e-44
0.00998234
0.000145004
2.00409e-06
2.76789e-08
3.82274e-10
5.27961e-12
7.2917e-14
9.69762e-16
1.33934e-17
1.84977e-19
2.55473e-21
3.52835e-23
4.87303e-25
6.73016e-27
9.29506e-29
1.28375e-30
1.70967e-32
2.36123e-34
3.26111e-36
4.50393e-38
6.22041e-40
8.59136e-42
1.1911e-43
1.4013e-45
0
0.0235161
0
0
0
0
0
0
0.00870932
0.0228819
1.73688e-06
2.39884e-08
0.00870932
0.0228819
1.68085e-06
0.0220827
0.0220827
4.42806e-12
0.00844023
0.0221849
0.0220841
0.0220827
0.0220827
0.0214296
0.0214296
0.0214296
0.0214296
1.56075e-19
2.15556e-21
2.97705e-23
4.11162e-25
5.5065e-27
7.60505e-29
1.05034e-30
1.45063e-32
2.00347e-34
2.767e-36
-0.00907926
5.12268e-40
-0.00907926
9.80909e-44
-0.00907926
0
-0.0088313
0
-0.0088313
0
-0.0088313
0
-0.00859653
0
-0.00859653
0
-0.00859653
0
0
0
0
-0.00837392
0
0
-0.00837392
0
0
-0.00837392
0
-0.00816255
0
0
0
0
-0.00816255
0
0
0
0
0
0
-0.00816255
0
0
-0.00796159
0
0
0
0
0
0
0
0
0
0.017754
0.017754
0.017754
0.017754
0.017754
0.017754
0.017754
0
0
0
0
