0
0
0
0
0
0
-0.301497
-0.4
-0.31612
-0.4
-0.320191
-0.4
-0.321499
-0.4
-0.321939
-0.4
-0.322089
-0.4
-0.4
-0.4
-0.4
-0.314758
-0.4
-0.319771
-0.4
-0.32136
-0.4
-0.321892
-0.4
-0.322073
-0.4
-0.4
-0.4
-0.4
-0.4
-0.4
-0.129788
-0.0136295
-0.12574
-0.00478932
-0.124321
-0.00165832
-0.000973641
-0.000571243
-0.000335013
-0.000196425
-0.000115151
-6.75001e-05
-3.95657e-05
-1.15959e-05
-6.79661e-06
-3.98364e-06
-2.33489e-06
-1.36852e-06
0.150592
-3.13421e-07
-1.83702e-07
0.12468
-4.73307e-08
-2.77413e-08
-1.62596e-08
-9.53004e-09
-4.46857e-09
-2.6191e-09
-1.5351e-09
-8.99748e-10
0.0429124
0.106634
1.04207e-05
0.0429125
0.106634
0.0927607
0.0927572
0.0927572
1.67577e-11
0.0370866
0.0930155
0.0927607
0.0927572
0.0927572
0.0822302
0.0822302
0.0822302
0.0822302
-2.51003e-14
-1.47121e-14
0.0291671
0.0740912
0.0738525
0.0670185
0.0670185
1.52517e-11
0.0263533
0.0672501
0.0613475
0.0613445
0.0613444
1.3727e-11
0.0613444
2.37504e-15
2.97764e-17
-1.362e-18
-1.05814e-18
0.0565562
-3.65659e-19
-2.14319e-19
-1.25616e-19
-7.36257e-20
0.0220911
0.000342398
0.0220948
0.000342463
0.0565591
0.0565562
0.0565562
0.0565562
0.0524613
0.0524613
0.0524613
0.0524613
0.0524613
0.0489193
0.0489193
0.0489193
0.0489193
0.0458254
0.0458254
0.0458254
0.0458254
0.0430996
-2.48865e-25
-1.45864e-25
-8.54934e-26
-5.01091e-26
-2.93698e-26
-1.72141e-26
-1.00895e-26
-5.91362e-27
-3.46607e-27
-2.03152e-27
-1.19071e-27
-6.97894e-28
-3.83482e-28
0.0157306
0.000235525
0.0157333
0.00023557
3.25725e-06
0.0385173
0.0385173
0.0385173
0.0385173
0.0365731
0.0365731
0.0365731
0.0365731
0.0365731
0.0365731
0.0365731
0.0365731
0.0348157
0.0348157
0.0348157
-4.32807e-33
0.0134134
0.000198373
2.74243e-06
3.78763e-08
5.23112e-10
7.22473e-12
9.97811e-14
1.37808e-15
1.80811e-17
2.49719e-19
3.44889e-21
4.76328e-23
6.57859e-25
9.08572e-27
1.25483e-28
1.73306e-30
2.39349e-32
3.14569e-34
4.19503e-36
-2.96889e-38
-5.17695e-38
-3.08176e-38
0.0304293
-1.01094e-38
-5.92529e-39
0.0116912
0.0305635
0.0292047
0.0292029
0.0292029
0.0292029
0.0292029
0.0292029
0.0292029
0.0280715
0.0280715
0.0280715
0.0280715
0.0270245
0.0270245
1.38645e-30
1.91483e-32
2.64458e-34
3.65244e-36
5.04439e-38
6.96615e-40
9.58068e-42
1.05097e-43
-1.12104e-44
-8.40779e-45
-4.2039e-45
-2.8026e-45
-1.4013e-45
-1.4013e-45
-0
-0
-0
-0
0
0
0
0
0
0
0
0
0
0
0
0
0
0
0
0
0
0
0
0
0
0
0
0.0227769
0.0227769
0.0227769
0.0220827
0.0220827
0.0220827
0.0220827
0.0220827
0.0214296
0.0214296
0.0214296
0.0214296
0
0
0
0
0
0
0
0
0
0
0
0
0
0
-0.00907926
0
-0.0088313
0
-0.0088313
0
0
-0.0088313
0
0
0
0
0
0
0
0
0
0
0
0
0
0
0
0
0
0
0
0
0
0
0
0
0
