0
0
0
0
0
0
-0.301497
-0.4
-0.31612
-0.4
-0.320191
-0.4
-0.321499
-0.4
-0.321939
-0.4
-0.322089
-0.4
-0.4
-0.4
-0.322158
-0.4
-0.4
-0.4
-0.309731
-0.4
-0.180268
-0.113415
-0.14608
-0.0478724
-0.0295211
-0.017848
-0.126435
-0.00631638
-0.0902127
-0.00109932
-0.000645063
-0.000378335
0.189932
0.190003
-7.62354e-05
-4.46864e-05
0.190084
0.190092
-8.99842e-06
0.15059
0.150591
-1.20791e-06
0.150592
0.150593
-2.43214e-07
0.124679
-6.2664e-08
-3.67285e-08
-2.15272e-08
-1.26174e-08
-7.39528e-09
-4.3345e-09
-2.54052e-09
-1.48904e-09
-8.72753e-10
-4.09228e-10
-2.39855e-10
-1.40583e-10
-8.23981e-11
-4.82949e-11
0.106375
-1.65909e-11
-9.7242e-12
-4.7496e-12
0.0927572
0.0927572
-9.56332e-13
0.0927572
-3.28531e-13
-1.92558e-13
0.0927572
-5.66999e-14
0.0822302
0.0822302
0.0822302
-6.69143e-15
0.0822302
-2.29872e-15
0.0738491
-6.90976e-16
-4.04993e-16
0.0670185
0.0670185
0.0670185
-4.24845e-17
-2.49009e-17
-1.45948e-17
0.0670185
0.0670185
-2.93867e-18
-1.72241e-18
-1.00953e-18
-5.91703e-19
-3.46807e-19
-2.03269e-19
-1.07226e-19
-6.28467e-20
-3.68355e-20
-2.15899e-20
-1.26542e-20
0.0613444
-4.34713e-21
0.0613444
0.0613444
-8.75296e-22
0.0565562
0.0565562
0.0565562
-9.39071e-23
-5.50405e-23
-3.22602e-23
0.0565562
-1.10824e-23
0.0524613
-3.48991e-24
-2.0455e-24
-1.1989e-24
-7.02695e-25
-4.11861e-25
-2.41399e-25
-1.41488e-25
-8.29283e-26
-4.86057e-26
-2.84886e-26
-1.54132e-26
-9.03394e-27
0.0489193
0.0489193
0.0489193
0.0489193
0.0489193
-3.66253e-28
0.0190156
0.000289798
4.00814e-06
5.14036e-08
7.09938e-10
9.80499e-12
1.35417e-13
1.87025e-15
2.58302e-17
-0.0194606
4.59852e-21
-0.0194606
8.77144e-25
1.21141e-26
-0.0194606
2.24917e-30
-0.018356
0.0406798
-1.16169e-32
-6.81211e-33
-3.99273e-33
-2.34021e-33
-1.37164e-33
-8.03938e-34
-0.018356
-2.76179e-34
-1.61873e-34
-8.92956e-35
-5.23376e-35
-3.0676e-35
-1.79797e-35
-1.05382e-35
-6.17661e-36
-3.41909e-36
-2.00399e-36
-1.17457e-36
-6.88435e-37
-4.03503e-37
-2.365e-37
-1.38617e-37
-8.12455e-38
-4.76194e-38
0.0348157
0.0348157
-9.08353e-39
0.0348157
0.0332195
-1.73752e-39
-1.01839e-39
-5.96896e-40
-3.49851e-40
-2.05053e-40
-1.14462e-40
-6.70886e-41
-3.93218e-41
-2.30472e-41
-1.35085e-41
-7.91734e-42
-4.6411e-42
-2.71992e-42
-1.59468e-42
-9.34666e-43
-5.22684e-43
-3.06884e-43
-1.79366e-43
-1.05097e-43
-6.16571e-44
-3.64338e-44
-2.10195e-44
-1.26117e-44
-7.00649e-45
-4.2039e-45
-2.8026e-45
0.0292029
0.0292029
-0
0.0292029
0.0292029
-0
0
0
0
0
0
0
0
0
0
0
0
0
0
0
0.0270245
0
0.0270245
0
0
0
0
0
0
0
0
0
0
0
-0.0113001
0
0
-0.0113001
0
