0
0
0
0
0
0
-0.301497
-0.4
-0.31612
-0.4
-0.320191
-0.4
-0.321499
-0.4
-0.321939
-0.4
-0.322089
-0.4
-0.4
-0.4
-0.322158
-0.4
-0.4
-0.314762
-0.4
-0.319773
-0.4
-0.4
-0.4
-0.309362
-0.4
-0.179933
-0.112811
-0.145926
-0.0475596
-0.131683
-0.0177215
-0.0917231
-0.00315991
-0.0902067
-0.00109119
-0.0896824
-0.000375532
-0.0701206
-8.60673e-05
-0.070069
-2.95711e-05
-0.0700512
-1.01591e-05
-0.0575747
-2.61755e-06
-0.0575729
-8.99217e-07
-5.27047e-07
-3.08911e-07
-0.0575721
-1.06121e-07
-6.21994e-08
-3.64561e-08
-2.13675e-08
-1.25239e-08
-7.34044e-09
-4.30236e-09
-2.52168e-09
-1.478e-09
-8.66281e-10
-5.07741e-10
-2.97596e-10
-1.74426e-10
-1.02234e-10
-5.9921e-11
-3.51207e-11
-2.05848e-11
-1.20651e-11
-7.07156e-12
-4.14476e-12
-2.42931e-12
-1.13909e-12
-6.67639e-13
-3.91314e-13
-2.29356e-13
-1.34429e-13
-7.87912e-14
0.0927572
-2.25561e-14
-1.32205e-14
-7.74877e-15
-4.54169e-15
-2.66196e-15
-1.56022e-15
-9.1447e-16
-4.59417e-16
-2.69272e-16
-1.57825e-16
-9.25036e-17
-5.42179e-17
-3.1778e-17
-1.86256e-17
-1.09168e-17
0.0738491
-3.28149e-18
-1.92334e-18
0.0738491
-5.87315e-19
-3.44235e-19
-2.01762e-19
-1.18256e-19
0.0670185
0.0670185
0.0670185
0.0670185
0.0670185
-4.31489e-21
-2.52903e-21
-1.48231e-21
0.0613444
-5.09221e-22
0.0613444
0.0613444
0.0565562
0.0565562
0.0565562
0.0565562
0.0565562
0.0524613
0.0524613
0.0524613
-1.19001e-24
0.0524613
0.0524613
0.0489193
0.0489193
0.0489193
0.0489193
0.0489193
0.0458254
0.0458254
0.0458254
-2.86041e-27
0.0458254
0.0458254
0.0458254
-3.3757e-28
0.0430996
0.0430996
0.0430996
0.0430996
-2.17932e-29
-1.27734e-29
0.0406798
0.0406798
0.0406798
0.0406798
0.0406798
0.0385173
0.0385173
-1.56971e-31
0.0365731
0.0365731
0.0365731
0.0365731
0.0365731
0.0348157
0.0348157
-1.95609e-33
-1.1465e-33
-6.7198e-34
0.0348157
-2.30847e-34
-1.28538e-34
0.0332195
0.0332195
0.0332195
-1.51694e-35
0.0127856
0.0333636
0.0317652
0.0317633
0.0317632
6.53666e-12
9.02782e-14
1.19016e-15
0.0304293
0.0304293
3.13535e-21
4.33025e-23
5.98053e-25
8.25974e-27
0.0304293
0.0304293
0.0292029
0.0292029
0.0292029
5.45285e-38
0.0292029
0.0292029
0.0280715
0.0280715
-2.00161e-41
0.0280715
0.0280715
0.0270245
-2.2673e-42
0.0270245
0.0270245
-4.56823e-43
0.0270245
-1.56945e-43
-8.82818e-44
-5.1848e-44
-3.08286e-44
-1.82169e-44
-9.80909e-45
-5.60519e-45
-4.2039e-45
-2.8026e-45
0.0251485
-0
-0
0.0251485
-0
-0
0.0243049
0
0
0
0
0
0
0
0.0235161
0.0235161
0
0.0235161
0.0235161
0.0235161
0.0227769
0.0227769
0.0227769
0
0
0
0
0
0
0
0
0
0
0
0
0
0
0.0214296
0.0214296
0.020814
0.020814
0.020814
0.020814
0.020814
0.0202328
0.0202328
0.0202328
0.0202328
0.0202328
0.0202328
0
0.0196831
0
0
0
0
0
0
0
0.0191626
0
0
0
0
0.0186688
0
0.0186688
0
0
0.0186688
0
0.0186688
0
0
0
0
0
0
0.017754
0.017754
0.017754
0.017754
0.017754
0
0
0.00676748
9.66927e-05
1.33606e-06
1.84526e-08
2.5485e-10
3.43175e-12
4.7396e-14
6.54589e-16
9.04056e-18
1.2486e-19
1.72444e-21
2.38164e-23
3.28929e-25
-0.00758795
6.12114e-29
-0.00758795
1.16758e-32
-0.00758795
2.2271e-36
3.07586e-38
-0.00741398
5.72711e-42
7.84727e-44
1.4013e-45
0
0
-0.00741398
0
0
-0.00741398
0
0
-0.00724781
