0
0
0
0
0
0
-0.301497
-0.4
-0.31612
-0.4
-0.320191
-0.4
-0.321499
-0.4
-0.321939
-0.4
-0.322089
-0.4
-0.269988
-0.4
-0.4
-0.306489
-0.4
-0.31741
-0.4
-0.187649
-0.126554
-0.149536
-0.0548724
-0.133078
-0.0207161
-0.0921322
-0.0037178
-0.0903488
-0.00128503
-0.000754178
-0.000442381
-0.0895187
-0.000152083
-8.91523e-05
-5.22585e-05
-0.0700529
-1.19695e-05
-7.01563e-06
-4.11201e-06
-2.41013e-06
-0.0700427
-8.27961e-07
-4.85282e-07
-2.84432e-07
-1.66711e-07
-9.77118e-08
0.0625705
0.00124972
0.150596
2.28352e-07
0.0625705
0.150786
1.30241e-05
0.12468
0.12468
0.12468
0.12468
0.106375
0.106375
0.106375
0.106375
0.106375
0.0927572
0.0927572
0.0927572
0.0927572
0.0822302
0.0822302
-1.93021e-13
-1.13133e-13
-6.6309e-14
-3.40067e-14
0.0738491
-1.16824e-14
-6.84726e-15
-4.01329e-15
-2.35226e-15
-1.3787e-15
-7.18291e-16
-4.21002e-16
-2.46756e-16
-1.44628e-16
-8.47689e-17
-4.96845e-17
-2.91209e-17
0.0670185
-9.00359e-18
-5.27715e-18
-3.09303e-18
-1.81287e-18
-1.06256e-18
0.0565562
0.0565562
0.0565562
0.0565562
0.0524613
0.0524613
0.0524613
0.0524613
0.0524613
-4.23654e-21
0.0489193
-1.34344e-21
-7.87411e-22
0.0458254
0.0458254
-1.47221e-22
0.0458254
-5.05751e-23
-2.76667e-23
-1.62159e-23
-9.50443e-24
-5.57071e-24
-3.26508e-24
-1.91372e-24
-1.12166e-24
-6.16336e-25
-3.61245e-25
-2.11732e-25
0.0406798
-7.27368e-26
-4.26322e-26
-2.49875e-26
-1.37841e-26
-8.07907e-27
-4.73528e-27
-2.77543e-27
-1.62672e-27
-9.5345e-28
-5.58833e-28
-3.27541e-28
-1.91977e-28
-1.0627e-28
-6.22866e-29
0.0365731
0.0365731
0.0348157
-6.96386e-30
-4.08163e-30
-2.39231e-30
-1.40217e-30
0.0332195
-4.57608e-31
-2.68212e-31
-1.57203e-31
-9.21395e-32
-5.40045e-32
-3.16529e-32
-1.85523e-32
-1.08738e-32
-6.06984e-33
-3.55763e-33
-2.08519e-33
-1.22216e-33
-7.1633e-34
-4.19853e-34
-2.46083e-34
-1.44233e-34
0.0304293
0.0304293
0.0304293
0.0304293
0.0292029
0.0292029
0.0292029
0.0292029
0.0292029
0.0292029
0.0292029
0.0280715
-1.21581e-37
-7.12608e-38
0.0107694
0.000157078
2.1711e-06
2.99854e-08
4.14131e-10
5.71958e-12
7.89934e-14
1.04734e-15
1.44649e-17
1.99776e-19
2.75911e-21
3.81062e-23
5.26287e-25
6.98902e-27
9.65257e-29
1.33312e-30
1.84118e-32
2.54286e-34
-0.0117093
4.85024e-38
-0.0113001
8.41059e-42
-1.69557e-43
-0.0113001
-1.00893e-43
-0.0113001
-3.50325e-44
-1.96182e-44
-0.0109186
-7.00649e-45
-4.2039e-45
-2.8026e-45
-1.4013e-45
-1.4013e-45
-0
-0
-0
0.0243049
0
0
0
0.0235161
0.0235161
0
0
0
0
0
0
0
0
0
-0.0102279
0
-0.00991434
0
-0.00991434
0
-0.00991434
0
0
0
0
0
0
0
0
0
0
