0
0
0
0
0
0
-0.301497
-0.4
-0.31612
-0.4
-0.4
-0.4
-0.308833
-0.4
-0.4
-0.4
-0.307888
-0.4
-0.317789
-0.4
-0.320717
-0.4
-0.321675
-0.4
-0.321999
-0.4
-0.322109
-0.4
-0.322147
-0.4
-0.4
-0.4
-0.4
-0.168727
-0.09218
-0.0597248
-0.134029
-0.022747
-0.127256
-0.00811739
-0.0904463
-0.00141813
-0.089765
-0.000488311
-0.0895302
-0.000167885
-0.0700771
-3.84618e-05
-0.070054
-1.32137e-05
-0.0700461
-4.53945e-06
-0.0575732
-1.1696e-06
-0.0575724
-4.01795e-07
-2.35499e-07
-1.3803e-07
-8.09017e-08
-4.74178e-08
-2.77924e-08
-0.057572
-9.54759e-09
-0.0488712
-2.62393e-09
-1.53793e-09
-9.01406e-10
-5.28329e-10
-3.09662e-10
-1.81498e-10
-1.06379e-10
-6.23506e-11
-3.65447e-11
-2.14195e-11
-0.0488712
0.106375
0.106375
0.106375
-1.48159e-12
0.0927572
-4.24147e-13
0.0927572
0.0927572
-8.54021e-14
-5.00556e-14
-2.93384e-14
0.0927572
-1.00787e-14
0.0927572
-3.46237e-15
-2.02935e-15
-1.18944e-15
-6.97148e-16
0.0822302
-2.0528e-16
0.0822302
-7.05204e-17
0.0822302
-2.42261e-17
0.0822302
-8.32244e-18
-4.87792e-18
-2.50165e-18
-1.46626e-18
0.0738491
0.0738491
0.0738491
-1.7304e-19
-1.01422e-19
-5.9445e-20
0.0738491
-2.04213e-20
-1.19693e-20
-7.01539e-21
-4.11184e-21
-2.41002e-21
0.0670185
-7.35929e-22
-4.3134e-22
-2.52816e-22
0.0670185
0.0670185
0.0613444
-2.68524e-23
0.0613444
0.0613444
-5.40673e-24
-3.16898e-24
-1.85739e-24
0.0613444
0.0613444
0.0565562
-1.99272e-25
0.0565562
0.0565562
-4.01235e-26
0.0565562
-1.37837e-26
-8.07888e-27
-4.73516e-27
0.0524613
-1.49113e-27
0.0524613
-5.12251e-28
-3.00239e-28
-1.75975e-28
0.0524613
0.0524613
-3.54326e-29
0.0489193
0.0489193
-6.58557e-30
-3.85991e-30
0.0458254
0.0458254
-7.2168e-31
0.0458254
0.0458254
-1.45311e-31
0.0430996
0.0430996
-2.73078e-32
0.0430996
0.0406798
0.0406798
0.0406798
0.0406798
0.0406798
0.0385173
0.0385173
0.0385173
0.0385173
0.0385173
-3.96038e-35
-2.19229e-35
-1.28494e-35
0.0365731
0.0365731
0.0365731
0.0365731
0.0365731
-5.20938e-37
-3.05331e-37
0.0348157
0.0348157
-5.82427e-38
0.0348157
0.0348157
-1.17272e-38
-6.8735e-39
-3.82724e-39
0.0332195
0.0332195
0.0332195
0.0332195
-2.64732e-40
0.0317632
-8.66129e-41
-5.07662e-41
-2.97538e-41
-1.74392e-41
-1.02211e-41
-5.99055e-42
-3.51165e-42
-2.05851e-42
-1.20652e-42
-7.07656e-43
-3.95166e-43
-2.31214e-43
-1.35926e-43
-7.9874e-44
-4.62428e-44
-2.8026e-44
-1.54143e-44
-9.80909e-45
-5.60519e-45
-2.8026e-45
-1.4013e-45
0.0292029
0.0292029
0.0292029
0.0292029
0.0280715
0.0280715
0
0.0280715
0.0280715
0.0280715
0.0270245
0
0.0270245
0
0.0270245
0.0270245
0.0270245
0.0260528
0
0.0260528
0
0
0.0251485
0
0
0
0
0
0
0
0
0
0
0
0
0
0
0
0
0
0.0235161
0
0
0
0
0
0
0.0227769
0
0
0
0.0227769
0.0227769
0
0
0
0.0220827
0
0
0
0
0
0
0
0
0
0.0214296
0
0.0214296
0
0
0
0
0
0
0.020814
0.020814
0.020814
0.0202328
0
0.0202328
0.0202328
0.0202328
0
0
0
0
0
0
0
0
0
0
0
0
0
0
0.0191626
0
0.0191626
0
0.0191626
0
0
0.0186688
0
0.0186688
0.0186688
0
0.0186688
0.0181999
0
0
0
0
0
0
0.017754
0
0.0173293
0
0
0
0
0
0
0
0
0
0
0
0
0
0
0
-0.00741398
0
0
-0.00741398
0
-0.00724781
0
