0
0
0
0
0
0
-0.301497
-0.4
-0.31612
-0.4
-0.320191
-0.4
-0.4
-0.4
-0.309425
-0.4
-0.318215
-0.4
-0.320853
-0.4
-0.321721
-0.4
-0.322014
-0.4
-0.4
-0.4
-0.322149
-0.4
-0.322161
-0.4
-0.4
-0.314763
-0.4
-0.319773
-0.4
-0.4
-0.166872
-0.0886849
-0.140152
-0.0356558
-0.129502
-0.0130102
-0.0910902
-0.00229659
-0.0899875
-0.000791939
-0.0896068
-0.000272411
-0.070099
-6.24208e-05
-3.65883e-05
-2.14458e-05
-1.257e-05
-7.36759e-06
-4.3183e-06
-0.0700433
-1.48349e-06
-8.69499e-07
-0.0700422
-2.98702e-07
-1.75074e-07
-1.02614e-07
-6.01437e-08
0.12468
0.12468
0.12468
-5.32339e-09
-3.12012e-09
-1.82876e-09
-1.07187e-09
-6.28238e-10
0.12468
-2.1582e-10
-1.26496e-10
-7.41413e-11
-4.34555e-11
-2.547e-11
0.106375
-6.99982e-12
-4.10271e-12
-2.40467e-12
0.106375
-8.26082e-13
0.106375
-2.83786e-13
0.0429124
0.000626836
8.6841e-06
1.19942e-07
1.65651e-09
2.28687e-11
3.10354e-13
0.0822302
0.0822302
0.0822302
-5.68435e-16
0.0822302
0.0822302
0.0738491
-5.86992e-17
-3.44046e-17
-2.01651e-17
-1.18191e-17
-6.92737e-18
0.0738491
0.0738491
0.0738491
-7.26695e-19
-4.25928e-19
-2.49644e-19
-1.4632e-19
-8.57608e-20
-5.02658e-20
-2.94616e-20
0.0670185
0.0670185
-5.93211e-21
-3.12922e-21
0.0613444
-1.07499e-21
-6.30068e-22
0.0613444
0.0565562
0.0565562
0.0565562
-3.96201e-23
0.0565562
0.0565562
0.0524613
0.0524613
-2.51216e-24
-1.47242e-24
-8.63009e-25
-5.05824e-25
0.0524613
-1.73767e-25
0.0524613
-5.96947e-26
0.0524613
-2.05071e-26
0.0489193
0.0489193
0.0489193
0.0489193
-1.30937e-27
0.0489193
0.0489193
0.0489193
0.0458254
0.0458254
0.0458254
0.0458254
-1.69336e-29
0.0458254
0.0430996
-3.18229e-30
-1.86519e-30
0.0430996
0.0430996
0.0406798
-2.06362e-31
-1.20952e-31
0.0406798
0.0406798
0.0385173
-1.34345e-32
-7.8742e-33
0.0385173
0.0385173
0.0365731
0.0365731
0.0365731
-3.015e-34
0.0365731
0.0365731
0.0348157
0.0348157
0.0348157
0.0348157
0.0348157
0.0348157
0.0332195
0.0332195
0.0332195
0.0332195
0.0332195
0.0332195
0.0317632
0.0317632
-2.93812e-38
-1.72208e-38
0.0317632
0.0317632
-3.46742e-39
0.0317632
0.0304293
0.0304293
0.0304293
0.0304293
0.0304293
-7.86493e-41
-4.60971e-41
-2.70184e-41
0.0292029
0.0292029
0.0292029
0.0292029
0.0292029
-1.04817e-42
0.0280715
0.0280715
0.0280715
0.0280715
0.0280715
0.0280715
0.0280715
-1.4013e-44
-8.40779e-45
0.0270245
0.0270245
-1.4013e-45
0.0270245
0.0260528
0.0260528
0.0260528
-0
0
0
0
0
0
0
0
0
0
0.0243049
0
0
0
0.0243049
0
0.0235161
0.0235161
0.0235161
0.0235161
0
0
0.0227769
0
0.0227769
0
0.0220827
0
0
0.0220827
0
0
0
0
0
0.0214296
0
0
0.0214296
0.0214296
0
0
0
0
0
0
0
0
0
0
0
0.0202328
0
0
0
0
0
0
0
0
0
0
0
0
0
0
0
0
0
0.0191626
0.0191626
0.0191626
0.0191626
0
0
0.0191626
0
0.0186688
0.0186688
0.0186688
0
0
0
0
0.0181999
0
0
0
0
0.017754
0
0
0
0
0
0
0
0
0
0
0
0
0
0
0
0
0
-0.00758795
0
0
-0.00758795
0
-0.00741398
0
0
0
-0.00741398
0
0
0
0
0
-0.00741398
0
0
0
-0.00724781
0
0
0
0
0
