0
0
0
0
0
0
-0.301497
-0.4
-0.31612
-0.4
-0.320191
-0.4
-0.321499
-0.4
-0.321939
-0.4
-0.322089
-0.4
-0.4
-0.4
-0.322158
-0.4
-0.322164
-0.4
-0.322166
-0.4
-0.322167
-0.4
-0.4
-0.4
-0.4
-0.4
-0.13403
-0.0227499
-0.127257
-0.00811847
-0.12485
-0.00282662
-0.00166159
-0.0896171
-0.00028639
-0.000167908
-9.84308e-05
-5.76978e-05
-3.38197e-05
-1.9823e-05
-1.16188e-05
-6.81006e-06
-3.99151e-06
-2.3395e-06
-1.37123e-06
-8.03699e-07
0.190104
-1.84065e-07
-1.07884e-07
-6.32323e-08
-3.70615e-08
-2.17224e-08
-1.27318e-08
-5.59676e-09
-3.28036e-09
0.12468
0.12468
0.12468
0.106375
0.106375
-1.06394e-10
0.106375
0.106375
0.0927572
0.0927572
0.0927572
0.0927572
0.0927572
0.0822302
-6.2036e-13
-3.63604e-13
-2.13114e-13
0.0326535
0.000537528
7.44356e-06
1.02807e-07
1.24238e-09
1.71512e-11
2.32549e-13
6.75821e-16
-1.47702e-15
-8.91573e-16
-5.22923e-16
-3.06499e-16
0.0291671
0.0672501
5.78949e-06
0.0670185
0.0670185
1.3727e-11
1.89578e-13
0.0613444
0.0613444
0.0613444
0.0613444
0.0613444
0.0565562
0.0565562
0.0565562
0.0565562
0.0565562
0.0524613
0.0524613
0.0524613
0.0524613
0.0524613
0.0489193
0.0489193
0.0489193
0.0489193
0.0489193
0.0458254
-3.27287e-23
0.0458254
0.0458254
-6.58994e-24
-3.60498e-24
-2.11294e-24
0.0166918
0.000251207
0.0166947
0.000251255
3.47439e-06
0.0430996
0.0406798
8.581e-12
1.18513e-13
0.0157306
0.0408483
0.0406821
0.0406798
0.0385173
0.0385173
0.0385173
0.0385173
0.0385173
0.0365731
0.0365731
0.0365731
0.0365731
0.0365731
0.0348157
0.0348157
0.0348157
-9.07042e-31
-5.31832e-31
-3.11718e-31
-1.82703e-31
0.0332195
-5.96263e-32
-3.4948e-32
-2.04836e-32
-1.20058e-32
-7.03679e-33
0.0317632
-2.30225e-33
-1.34939e-33
-7.909e-34
-4.63559e-34
-2.717e-34
-1.59248e-34
-8.90952e-35
-5.22202e-35
0.0116912
0.000171346
0.0292047
0.0292029
4.32136e-10
5.96826e-12
0.0292029
0.0280715
1.50676e-17
0.0107694
0.028197
0.0280732
0.0280715
0.0270245
0.0270245
0.0270245
0.0270245
0.0270245
0.0270245
0.0270245
3.81062e-23
5.06045e-25
6.98902e-27
0.00998234
0.000145004
2.00409e-06
2.76789e-08
3.82274e-10
5.27961e-12
7.2917e-14
1.00706e-15
1.39086e-17
1.92092e-19
2.55473e-21
3.52835e-23
4.87303e-25
6.73016e-27
9.29506e-29
1.28375e-30
1.77299e-32
2.36123e-34
3.26111e-36
4.50393e-38
6.22038e-40
0.00930248
0.024416
0.0243065
2.48155e-08
0.0235161
0.0235161
0.0235161
9.02882e-16
0.00899613
0.000130013
0.00899777
0.0236241
0.0235176
2.48203e-08
0.00899613
0.000130013
1.79677e-06
2.39884e-08
3.31305e-10
4.57566e-12
6.31947e-14
8.72786e-16
1.20541e-17
1.6648e-19
2.29926e-21
3.17552e-23
4.24425e-25
5.86176e-27
8.0957e-29
1.1181e-30
1.54422e-32
2.13272e-34
2.94552e-36
4.06807e-38
0.0214296
7.51656e-42
1.03696e-43
1.4013e-45
0
0
0
0
0
0
0
0
0
0.00794903
0.020911
0.0202341
2.11662e-08
0.00772426
0.0203274
0.0202341
0.0202328
0.0202328
0.0202328
5.41669e-14
7.48102e-16
0.0196831
0.0196831
1.97079e-21
2.72187e-23
3.75919e-25
5.04762e-27
6.9713e-29
9.62809e-31
1.32974e-32
1.83651e-34
-0.00859653
3.50306e-38
-0.00837392
6.50062e-42
-0.00837392
1.4013e-45
0
-0.00837392
0
0
