0
0
0
0
0
0
-0.301497
-0.4
-0.31612
-0.4
-0.4
-0.4
-0.308833
-0.4
-0.318049
-0.4
-0.3208
-0.4
-0.321703
-0.4
-0.322008
-0.4
-0.322112
-0.4
-0.270011
-0.4
-0.151932
-0.0596738
-0.134019
-0.0227255
-0.127253
-0.00810942
-0.00479328
-0.0900165
-0.000831578
-0.000487822
-0.000286065
-0.000167717
-0.0894495
-5.76321e-05
-3.37812e-05
-0.0894157
-1.16056e-05
-4.5349e-06
-2.65799e-06
-1.5579e-06
-9.13111e-07
-5.3519e-07
-3.13684e-07
-1.83855e-07
-8.08206e-08
-4.73703e-08
-2.77645e-08
0.106375
-7.63042e-09
-4.47232e-09
-2.6213e-09
0.0927572
0.0927572
0.0927572
0.0927572
-1.51097e-10
-8.85605e-11
0.0927572
0.0822302
-1.52843e-11
0.0822302
0.0822302
0.0822302
0.0822302
0.0822302
0.0822302
0.0738491
0.0738491
0.0738491
0.0738491
0.0738491
-2.19818e-14
-1.14523e-14
-6.7124e-15
0.0670185
0.0670185
-1.35154e-15
-7.92162e-16
-4.643e-16
0.0670185
0.0613444
-8.41382e-17
-4.93148e-17
-2.89042e-17
-1.69412e-17
-9.92954e-18
-5.81987e-18
-3.41112e-18
-1.99932e-18
-1.17183e-18
-6.24391e-19
-3.65966e-19
-2.14499e-19
0.0565562
0.0565562
0.0565562
0.0565562
0.0524613
0.0524613
0.0524613
0.0524613
-1.60507e-21
-9.40757e-22
0.0489193
0.0489193
-1.74851e-22
0.0190156
0.0491115
4.00814e-06
5.53577e-08
0.0489193
0.0458254
1.35417e-13
0.017778
0.0460091
0.0458279
5.14036e-08
0.0430996
9.15132e-12
1.26389e-13
1.74557e-15
2.41082e-17
3.32959e-19
4.59851e-21
6.35044e-23
8.19071e-25
9.451e-27
-9.6037e-28
-6.52657e-28
-3.83773e-28
0.0406798
-1.24093e-28
-7.27331e-29
-4.26301e-29
0.0385173
-1.38312e-29
0.0365731
0.0365731
-2.78492e-30
-1.63229e-30
0.0365731
-5.60744e-31
0.0134134
0.0349653
0.0348178
0.0348158
0.0348157
0.0348157
0.0348157
0.0332195
0.0332195
0.0332195
3.44889e-21
0.0332195
6.57859e-25
9.08572e-27
1.25483e-28
1.73296e-30
2.3878e-32
2.96943e-34
-1.51453e-35
-1.14898e-35
-6.77044e-36
-3.77978e-36
-2.2154e-36
-1.29848e-36
-7.61062e-37
-4.46071e-37
-2.6145e-37
-1.5324e-37
-8.98165e-38
-5.2643e-38
-2.94524e-38
-1.72626e-38
-1.01179e-38
-5.93025e-39
-3.47582e-39
-2.03724e-39
-1.19406e-39
-6.99857e-40
0.0292029
0.0292029
0.0292029
0.0292029
0.0280715
0.0280715
-1.52447e-41
-8.93468e-42
-5.23665e-42
-3.06884e-42
-1.79927e-42
-1.01174e-42
-5.92749e-43
-3.47522e-43
-2.03188e-43
-0.0121492
-7.00649e-44
-0.0117093
-2.24208e-44
-0.0117093
-8.40779e-45
-0.0117093
-2.8026e-45
-0.0113001
-1.4013e-45
-0.0113001
-0
-0
-0
-0.0113001
0
0
-0.0109186
0
0
-0.0109186
0
0
0
0
0.00930248
0.000134654
1.86094e-06
2.57018e-08
3.54969e-10
4.9025e-12
0.0243049
0.0243049
0.0243049
0.0235161
