0
0
0
0
0
0
-0.301497
-0.4
-0.4
-0.310629
-0.4
-0.318555
-0.4
-0.320963
-0.4
-0.321757
-0.4
-0.4
-0.4
-0.309667
-0.4
-0.318283
-0.4
-0.4
-0.245135
-0.4
-0.4
-0.4
-0.303138
-0.4
-0.4
-0.310905
-0.4
-0.181345
-0.115353
-0.076774
-0.137536
-0.0301766
-0.128534
-0.0109068
-0.0908117
-0.00191671
-0.0898912
-0.00066053
-0.0895737
-0.00022716
-0.0700895
-5.20474e-05
-0.0700583
-1.78815e-05
-1.04808e-05
-0.0700452
-3.60058e-06
-2.11037e-06
-0.0575726
-5.43737e-07
-3.18693e-07
-1.86792e-07
-1.09482e-07
-6.41691e-08
-3.76106e-08
0.12468
0.12468
0.0540084
0.12468
0.106375
-1.21984e-09
-0.0488712
-4.19056e-10
-2.45616e-10
-1.4396e-10
-8.43771e-11
-4.94548e-11
-2.89863e-11
-1.69894e-11
-9.95774e-12
-4.86367e-12
-2.85068e-12
-1.67083e-12
0.0927572
-5.73984e-13
-3.36422e-13
-1.97182e-13
0.0927572
0.0822302
-3.40309e-14
-1.99461e-14
-1.16907e-14
0.0822302
-3.51413e-15
-2.05969e-15
0.0738491
0.0738491
0.0738491
-2.16066e-16
-1.2664e-16
-7.42256e-17
-4.35049e-17
0.0670185
-1.34508e-17
0.0613444
0.0613444
0.0613444
0.0613444
0.0565562
-4.95747e-19
0.0565562
-1.70305e-19
0.0524613
0.0524613
0.0524613
0.0524613
0.0524613
0.0524613
0.0489193
0.0489193
0.0489193
0.0489193
0.0489193
0.0458254
0.0458254
0.0458254
0.0458254
0.0458254
0.0430996
0.0430996
0.0430996
0.0430996
0.0430996
0.0406798
0.0406798
0.0406798
0.0406798
0.0406798
0.0385173
0.0385173
0.0385173
0.0385173
0.0385173
0.0365731
0.0365731
0.0365731
0.0365731
0.0365731
0.0348157
0.0348157
0.0348157
0.0348157
0.0348157
0.0332195
0.0332195
0.0332195
0.0332195
0.0332195
0.0332195
0.0317632
0.0317632
0.0317632
0.0317632
0.0317632
0.0304293
0.0304293
0.0304293
0.0304293
0.0304293
0.0292029
0.0292029
0.0292029
0.0292029
0.0292029
0.0280715
0.0280715
0.0280715
0.0280715
0.0280715
0.0270245
0.0270245
-4.30097e-36
0.0270245
0.0260528
0.0260528
-4.88056e-37
-2.86058e-37
0.0260528
0.0260528
0.0251485
-3.25087e-38
0.0251485
0.0251485
0.0251485
0.0251485
0.0243049
0.0243049
0.0243049
0.0243049
0.0243049
0.0235161
0.0235161
0.0235161
-2.91582e-41
-1.70902e-41
-1.00165e-41
-5.87144e-42
-3.44159e-42
-2.01647e-42
-1.14206e-42
-6.69821e-43
-3.92364e-43
-2.29813e-43
-1.34525e-43
-7.84727e-44
-4.62428e-44
-2.66247e-44
-1.54143e-44
-8.40779e-45
-5.60519e-45
-2.8026e-45
-1.4013e-45
-1.4013e-45
-0
-0
-0
-0
-0
0
0
0
0
0
0
0
0
0
0
0
0
0
0
0
0.0202328
0.0202328
0
0
0
0
0
0
0
0
0
0
-0.0088313
0
-0.00859653
0
0
0
0
0
0
0
0
0.0191626
0
0.0186688
0.0186688
0
0.0186688
0.0186688
0.0181999
0
0
0
0
