0
0
0
0
0
0
-0.301497
-0.4
-0.31612
-0.4
-0.320191
-0.4
-0.321499
-0.4
-0.321939
-0.4
-0.322089
-0.4
-0.4
-0.4
-0.322158
-0.4
-0.322164
-0.4
-0.4
-0.314763
-0.4
-0.319773
-0.4
-0.19009
-0.130827
-0.150711
-0.0572317
-0.0356559
-0.0216991
-0.127079
-0.00772961
0.188321
-0.00134928
0.18949
-0.000464551
-0.000272412
-0.00015971
-9.36244e-05
0.150561
-2.14459e-05
-1.25701e-05
0.150587
-4.31832e-06
-2.53105e-06
0.150592
0.150592
0.124679
0.124679
-1.31306e-07
0.12468
0.12468
0.12468
-1.54961e-08
0.106375
0.106375
0.106375
0.106375
-8.57496e-10
0.106375
-2.94578e-10
0.0927572
0.0927572
-4.94278e-11
0.0927572
0.0927572
0.0927572
0.0822302
0.0822302
0.0822302
0.0822302
-5.90061e-13
-3.45845e-13
-2.02705e-13
-1.18809e-13
-6.09314e-14
-3.57129e-14
-2.09319e-14
-1.22686e-14
0.0670185
-3.74636e-15
-2.1958e-15
-1.287e-15
-7.5433e-16
-4.42126e-16
-2.59137e-16
-1.36696e-16
-8.01199e-17
-4.69596e-17
-2.75238e-17
-1.61322e-17
-9.45533e-18
-5.54193e-18
-2.95292e-18
0.0565562
-1.01443e-18
-5.94572e-19
-3.48488e-19
-2.04255e-19
0.0565562
0.0524613
-3.76995e-20
0.0524613
-1.2951e-20
0.0204383
0.0526625
4.34215e-06
5.99709e-08
0.0524613
0.0524613
1.57987e-13
0.0489193
2.7817e-17
3.84126e-19
0.0489193
0.0489193
-1.05048e-23
-6.73626e-24
-3.67365e-24
0.0458254
-1.26208e-24
-7.39726e-25
0.0458254
-2.5412e-25
-1.48944e-25
-8.72986e-26
-4.7756e-26
0.0430996
-1.64057e-26
-9.61568e-27
-5.63591e-27
-3.09685e-27
-1.81511e-27
-1.06387e-27
-6.23551e-28
-3.65473e-28
-2.1421e-28
-1.25552e-28
0.0385173
0.0385173
0.0385173
-1.39454e-29
-7.71955e-30
-4.52456e-30
0.0365731
-1.55433e-30
-9.11021e-31
-5.33964e-31
-3.12965e-31
0.0365731
0.0365731
0.0365731
-3.69345e-32
0.0348157
-1.20204e-32
-7.04537e-33
0.0348157
-2.42032e-33
-1.41859e-33
-7.89885e-34
-4.62965e-34
-2.71351e-34
-1.59044e-34
-9.3218e-35
-5.46367e-35
-3.20235e-35
0.0317632
-1.04772e-35
-6.14089e-36
-3.59928e-36
-2.1096e-36
0.0317632
-7.24715e-37
-4.24768e-37
0.0304293
-1.39289e-37
-8.16395e-38
-4.78503e-38
0.0304293
-1.64381e-38
0.0304293
0.0292029
0.0292029
0.0292029
-1.0876e-39
-6.37458e-40
0.0292029
0.0280715
0.0280715
0.0280715
-4.22562e-41
-2.47665e-41
-1.39359e-41
-8.16817e-42
-4.78684e-42
-2.8054e-42
-1.64512e-42
-0.0121492
-5.64723e-43
-3.30706e-43
-0.0117093
-1.09301e-43
-0.0117093
-3.78351e-44
-0.0117093
-1.26117e-44
-0.0113001
-4.2039e-45
-2.8026e-45
-1.4013e-45
-1.4013e-45
-0
-0
-0
0.0251485
0.0251485
0.0251485
0.0243049
0.0243049
0.0243049
0
0
0
0
0
0
0
-0.010562
0
-0.010562
0
-0.010562
0
-0.0102279
0
-0.0102279
0
-0.0102279
0
0
0
0.0220827
0
0
0
0
0
