0
0
0
0
0
0
-0.301497
-0.4
-0.31612
-0.4
-0.4
-0.313387
-0.4
-0.4
-0.4
-0.308462
-0.4
-0.4
-0.4
-0.307844
-0.4
-0.317777
-0.4
-0.4
-0.4
-0.309068
-0.4
-0.4
-0.311968
-0.4
-0.318941
-0.4
-0.4
-0.4
-0.4
-0.218429
-0.4
-0.129402
-0.0127944
-0.125604
-0.00448956
-0.00264368
-0.00155376
0.257188
0.257409
-0.000313823
-0.000183997
-0.000107864
-6.3228e-05
-3.70614e-05
0.25771
-1.27326e-05
0.115461
0.00369865
0.190104
-3.91513e-07
-4.35403e-07
0.190104
0.190104
-8.86691e-08
-3.4647e-08
-2.03072e-08
-1.19024e-08
-6.97618e-09
-4.08886e-09
-2.39655e-09
0.12468
-6.17469e-10
-3.61909e-10
-2.12121e-10
-1.24328e-10
-7.28705e-11
0.106375
-2.00267e-11
-1.1738e-11
-6.87983e-12
-4.03239e-12
0.106375
-1.15438e-12
0.0927572
0.0927572
0.0927572
0.0927572
0.0822302
-4.0115e-14
0.0822302
0.0822302
-8.07716e-15
-4.73416e-15
0.0822302
0.0738491
-8.34071e-16
0.0738491
-2.86531e-16
0.0738491
0.0738491
0.0670185
0.0670185
0.0670185
-1.03258e-17
0.0670185
-3.54725e-18
0.0670185
-1.2186e-18
-7.14239e-19
0.0613444
0.0613444
-1.29431e-19
0.0240347
0.000376574
0.0613475
0.0613445
9.93913e-10
1.3727e-11
0.0613444
2.38032e-15
3.28738e-17
0.0565562
5.94074e-21
0.0565562
0.0565562
-6.64224e-23
-3.89407e-23
0.0524613
0.0524613
0.0524613
0.0524613
-2.4691e-24
-1.44718e-24
0.0524613
0.0489193
0.0489193
0.0489193
-9.24019e-26
0.0489193
0.0489193
0.0458254
0.0458254
0.0458254
0.0458254
0.0458254
-1.11534e-27
-6.53717e-28
-3.83154e-28
-2.24573e-28
-1.31626e-28
-7.71482e-29
-4.52179e-29
-2.65029e-29
-1.4563e-29
0.0406798
-5.00285e-30
-2.93225e-30
-1.61755e-30
0.0385173
0.0385173
-3.25694e-31
-1.90894e-31
-1.11886e-31
-6.55785e-32
-3.84366e-32
-2.25284e-32
-1.24707e-32
0.0365731
-4.28409e-33
0.0365731
-1.47172e-33
-8.62602e-34
-5.05585e-34
-2.80736e-34
-1.64544e-34
0.0348157
-5.65262e-35
0.0332195
-1.84477e-35
-1.08125e-35
-6.33738e-36
-3.71444e-36
-2.1771e-36
-1.27603e-36
0.0127856
0.0333636
0.0332215
3.59825e-08
0.0332195
6.86349e-12
0.0317632
1.24684e-15
1.72201e-17
0.0317632
3.28466e-21
0.0122139
0.0319022
0.0317652
0.0304293
4.51779e-10
6.23954e-12
0.0292029
0.0292029
1.57227e-17
0.0292029
0.0292029
0.0280715
0.0280715
7.57143e-27
1.04569e-28
1.38645e-30
1.91483e-32
2.64458e-34
3.65244e-36
5.0444e-38
6.96647e-40
9.59889e-42
1.1911e-43
-5.60519e-45
0.0270245
-2.8026e-45
-1.4013e-45
-1.4013e-45
-0
-0
-0
-0
0
0
0
0.0251485
0
0.0251485
0
0.0243049
0
0
0.0243049
0
0
0
0.0243049
0
0.0243049
0
0
0
0
0
0
0.0227769
0
0
0
0
0
0
0.0227769
0
0
0
0
0
0
0.0214296
0
0
0
0
0
0
0.00818727
0.000117832
0.0208153
0.020814
3.01186e-10
0.020814
5.74498e-14
0.020814
1.09583e-17
1.51345e-19
2.02876e-21
2.80193e-23
3.86976e-25
5.34454e-27
7.38137e-29
1.01945e-30
1.40796e-32
1.88898e-34
2.60889e-36
3.60315e-38
4.97632e-40
6.87337e-42
9.52883e-44
1.4013e-45
0
0
0
0
0
0
0
0
0
0
0
0
0
0
0
0
0
0
0
0
0
0
0
0
0
0
0
0
0
