0
0
0
0
0
0
-0.301497
-0.4
-0.4
-0.310629
-0.4
-0.318555
-0.4
-0.320963
-0.4
-0.321757
-0.4
-0.322027
-0.4
-0.322119
-0.4
-0.4
-0.4
-0.309725
-0.4
-0.4
-0.239323
-0.4
-0.4
-0.13174
-0.0178459
-0.126434
-0.00631561
-0.00372603
-0.00219234
-0.00128789
-0.000755861
-0.000443369
0.190003
-7.62259e-05
-4.46808e-05
0.190084
0.190092
0.190097
0.15059
-2.06061e-06
-1.20776e-06
0.150592
0.150593
0.124679
0.124679
0.12468
-3.67239e-08
0.12468
0.12468
-7.39436e-09
0.106375
0.106375
0.106375
0.106375
0.0927572
-1.99854e-10
-1.17138e-10
0.0822302
0.0822302
-2.02164e-11
0.0822302
0.0822302
0.0822302
0.0822302
0.0738491
-7.1716e-13
-4.20339e-13
0.0291671
0.000470495
0.0738525
8.99563e-08
1.24236e-09
1.71417e-11
2.26992e-13
-2.58132e-15
-3.38608e-15
-2.01051e-15
-1.17875e-15
-6.9089e-16
-3.59949e-16
-2.10972e-16
-1.23654e-16
0.0263533
0.000418327
5.78949e-06
0.0670185
0.0670185
0.0670185
0.0613444
0.0613444
0.0613444
-3.30272e-20
-3.05189e-19
-1.82824e-19
0.0613444
0.0565562
-3.34826e-20
-1.96247e-20
0.0524613
0.0524613
-3.62216e-21
-2.12301e-21
-1.24433e-21
-7.29322e-22
0.0204383
0.00031391
4.00814e-06
5.53577e-08
7.64549e-10
1.05592e-11
1.45834e-13
2.01412e-15
2.78171e-17
0.0190156
0.0460091
0.0458279
5.14036e-08
0.0458254
0.0458254
0.0430996
0.0430996
0.0430996
0.0430996
0.0430996
6.35025e-23
8.18022e-25
8.83591e-27
0.0406798
0.0406798
-5.07623e-28
-2.97543e-28
-1.74395e-28
-1.02216e-28
-5.63863e-29
-3.3049e-29
-1.93706e-29
-1.13534e-29
-6.65442e-30
0.0148741
0.038679
0.0385195
4.23324e-08
0.0385173
0.0365731
0.0365731
0.0365731
2.00901e-17
0.014106
0.000209383
2.89478e-06
0.014106
0.000209383
2.89479e-06
3.99807e-08
5.52175e-10
7.22475e-12
9.97814e-14
1.37809e-15
1.90328e-17
2.62863e-19
3.63042e-21
5.01399e-23
6.5786e-25
9.08574e-27
1.25484e-28
1.73306e-30
2.39343e-32
3.29954e-34
4.20245e-36
-1.49768e-37
-1.23869e-37
-6.96189e-38
0.0122139
0.000179498
0.0317652
3.42691e-08
4.73292e-10
6.53666e-12
9.02782e-14
1.19016e-15
0.0304293
2.27018e-19
0.0304293
0.0304293
0.0292029
7.90063e-27
1.09116e-28
1.50701e-30
2.08133e-32
2.87454e-34
3.97004e-36
5.4829e-38
7.56414e-40
9.95903e-42
-1.48538e-43
-1.62551e-43
-9.66896e-44
-5.60519e-44
-3.36312e-44
-1.96182e-44
-1.12104e-44
-7.00649e-45
-4.2039e-45
-2.8026e-45
-1.4013e-45
-0
-0
-0
-0
-0
0
-0.0117093
0
0
0
0
0
0
0
0.0251485
0
0
0
0.00963042
0.0252629
1.92987e-06
0.00963045
0.000139638
0.0243065
2.57019e-08
3.5497e-10
0.0243049
6.77088e-14
0.0235161
1.24698e-17
1.6648e-19
2.29927e-21
3.17553e-23
4.38574e-25
