0
0
0
0
0
0
-0.301497
-0.4
-0.31612
-0.4
-0.4
-0.243596
-0.4
-0.4
-0.304146
-0.4
-0.316793
-0.4
-0.320401
-0.4
-0.190753
-0.131982
-0.0895916
-0.237519
-0.207288
-0.154668
-0.107926
-0.0712091
-0.136362
-0.0276998
-0.0167144
-0.00996899
-0.00590389
-0.124497
-0.00204802
-0.0896661
-0.00035328
-0.000207139
-0.000121434
-0.0894378
-4.17247e-05
-2.44566e-05
-0.0894134
-8.40198e-06
-0.0700437
-1.92427e-06
-0.0700425
-6.61051e-07
-0.0700421
-2.27093e-07
-0.0575721
-5.85104e-08
-0.057572
-2.01003e-08
-0.057572
-6.9051e-09
-4.04719e-09
-0.0488712
-1.11227e-09
-0.0488712
-3.82103e-10
-0.0488712
-1.31265e-10
-7.69365e-11
-0.042455
-2.20252e-11
-0.042455
-7.56637e-12
-0.042455
-2.5993e-12
-1.52349e-12
-8.92943e-13
-0.0375281
-2.62933e-13
-1.54109e-13
-9.03261e-14
-0.0375281
-3.103e-14
-1.81872e-14
-0.0375281
-6.24789e-15
-3.662e-15
-2.14636e-15
-1.25802e-15
0.0738491
-3.78148e-16
-2.21639e-16
-1.29906e-16
-7.61403e-17
-4.46271e-17
-2.61567e-17
-0.0336258
-8.98567e-18
-5.26665e-18
-3.08687e-18
-0.0336258
-1.06044e-18
0.0322804
-3.23819e-19
-1.89796e-19
0.0670185
0.0322804
0.0670185
-0.0278366
-1.18154e-20
-6.92522e-21
-4.05899e-21
-0.0278366
-1.39439e-21
0.0613444
0.0613444
0.0613444
0.0613444
-9.64509e-23
0.0565562
0.0565562
0.0565562
-1.03478e-23
0.0565562
0.0565562
0.0565562
0.0565562
-7.15765e-25
0.0565562
0.0524613
-1.32109e-25
0.0524613
0.0524613
0.0524613
0.0524613
0.0524613
-5.35597e-27
-3.13922e-27
0.0524613
0.0489193
-5.83462e-28
0.0489193
0.0489193
0.0489193
0.0489193
-4.03583e-29
-2.36547e-29
-1.38644e-29
0.0458254
-4.42267e-30
-2.5922e-30
0.0458254
0.0458254
0.0458254
0.0458254
-1.6735e-31
0.0430996
0.0430996
0.0430996
0.0430996
-1.15757e-32
-6.36065e-33
-3.72808e-33
0.0406798
0.0406798
-7.5065e-34
0.0406798
-2.42704e-34
-1.42253e-34
-8.33767e-35
-4.88685e-35
0.0385173
0.0385173
0.0385173
0.0365731
0.0365731
-1.87116e-36
-1.09672e-36
-6.42803e-37
-3.76758e-37
0.014106
0.0367285
2.89478e-06
3.99806e-08
0.0365731
7.22473e-12
0.0348157
1.37808e-15
1.90328e-17
2.62863e-19
3.63041e-21
5.01398e-23
6.92483e-25
9.56391e-27
1.32088e-28
1.82427e-30
2.39353e-32
3.30572e-34
4.56554e-36
6.30473e-38
8.66307e-40
0.0317632
0.0317632
-8.70206e-43
0.0317632
-2.99878e-43
-1.75162e-43
0.0317632
-6.02558e-44
0.0122139
0.000171346
2.36847e-06
3.27114e-08
4.51779e-10
6.23954e-12
8.61746e-14
1.19016e-15
1.64374e-17
2.27018e-19
3.13535e-21
4.33025e-23
5.98053e-25
8.25974e-27
1.09116e-28
1.50701e-30
2.08133e-32
2.87454e-34
3.97004e-36
5.48305e-38
7.57266e-40
1.04593e-41
1.38729e-43
1.4013e-45
0
0
0
0.0270245
0.0270245
0.0270245
0.0270245
0.0270245
0.0260528
0
0.0260528
0.0260528
0
0.00998234
0.000145004
2.00409e-06
2.76789e-08
3.68116e-10
5.08407e-12
0.0251485
0.0251485
1.33934e-17
1.84977e-19
2.55473e-21
0.00963042
0.000139637
1.86094e-06
2.57018e-08
3.54969e-10
4.9025e-12
6.77086e-14
9.35127e-16
1.29151e-17
1.78371e-19
2.46349e-21
3.40234e-23
4.69899e-25
6.26601e-27
8.65403e-29
1.19521e-30
1.65071e-32
2.27981e-34
3.14866e-36
4.34862e-38
6.00591e-40
0.0227769
1.10703e-43
1.4013e-45
0.0227769
0.0220827
0.0220827
0.0220827
0.0220827
0.0220827
0.0220827
0
0
0
0
0
0
0
0
0
0
0
0
0
0
0
0
0
0
0
0
0
0
0
-0.00907926
0
0
