0
0
0
0
0
0
-0.301497
-0.4
-0.31612
-0.4
-0.320191
-0.4
-0.4
-0.314296
-0.4
-0.319631
-0.4
-0.4
-0.314167
-0.4
-0.319592
-0.4
-0.321301
-0.4
-0.321872
-0.4
-0.322066
-0.4
-0.322132
-0.4
-0.27003
-0.4
-0.151943
-0.0596949
-0.0372916
-0.129795
-0.013646
-0.125743
-0.00479525
-0.00282459
-0.00166039
-0.000974859
-0.0895302
-0.000167787
-9.83597e-05
-5.76561e-05
-3.37952e-05
-0.0894158
-1.16104e-05
-6.80514e-06
-0.089409
-2.33781e-06
-0.0700424
-5.35413e-07
-3.13815e-07
-0.070042
-1.07806e-07
-0.070042
-3.70348e-08
-0.057572
-9.54199e-09
-5.59272e-09
-3.27799e-09
-1.92128e-09
-1.1261e-09
0.12468
-3.86851e-10
-2.2674e-10
-0.057572
0.12468
-4.56541e-11
-2.67586e-11
-0.0488712
-7.35397e-12
-0.0488712
-2.52633e-12
-1.48072e-12
-8.67877e-13
-5.08677e-13
-2.98144e-13
-1.74747e-13
-1.02422e-13
-6.00314e-14
-3.51854e-14
0.0429124
0.106634
1.04208e-05
1.4393e-07
0.106375
0.0927572
0.0927572
0.0927572
-1.79082e-16
0.0927572
-8.2214e-17
0.0927572
0.0822302
0.0822302
0.0822302
-4.87506e-18
-2.85736e-18
0.0822302
0.0822302
-5.75329e-19
-2.95059e-19
-1.72939e-19
-1.01362e-19
-5.94102e-20
-3.48213e-20
-2.04093e-20
0.0738491
-7.01128e-21
-4.10943e-21
-2.14098e-21
-1.25486e-21
-0.0304586
-4.31087e-22
-2.52667e-22
-1.48093e-22
-8.67995e-23
-5.08746e-23
-2.98185e-23
0.0670185
-1.02436e-23
-6.00396e-24
0.0263533
0.0615655
0.0613475
0.0613445
9.93913e-10
0.0565562
1.72349e-13
2.38032e-15
3.28748e-17
4.54035e-19
6.27069e-21
0.0524613
0.0524613
0.0524613
0.0524613
0.0524613
0.0489193
0.0489193
0.0489193
0.0489193
-5.57702e-29
0.0458254
0.0458254
-1.04273e-29
0.0458254
0.0458254
0.0458254
0.0430996
0.0430996
-3.94558e-31
0.0430996
0.0430996
0.0430996
0.0430996
-2.72917e-32
-1.59961e-32
0.0430996
-5.4952e-33
-3.01953e-33
-1.7698e-33
0.0406798
0.0406798
0.0406798
0.0406798
0.0406798
0.0385173
0.0385173
0.0385173
0.0385173
0.0385173
0.0385173
0.0385173
-1.51553e-36
-8.88275e-37
-5.20633e-37
-3.05152e-37
-1.78854e-37
-1.0483e-37
0.014106
0.000198373
2.74243e-06
3.78763e-08
0.0348157
7.22473e-12
0.0134134
0.0349653
2.74243e-06
0.0348158
0.0348157
0.0348157
9.47921e-14
0.0332195
1.80811e-17
0.0332195
0.0332195
4.76328e-23
6.57859e-25
0.0332195
0.0317632
1.65053e-30
0.0317632
0.0317632
4.34814e-36
0.0317632
0.0317632
0.0304293
1.34525e-43
0.0304293
0.0304293
-2.8026e-45
-1.4013e-45
-1.4013e-45
-0
-0
-0
-0
0
0
0.0280715
0
0
0.0280715
0.0270245
0.0270245
0
0
0
0
0
0
0
-0.0117093
0
0
0
-0.0117093
0
0
0
0
0.0131848
0
0
0
0
0
0
0
0
0
0
0
0.0243049
0.0243049
0
0
0
0
-0.010562
0
0
0
0
0
0
0
0
0
0
0.0227769
0.0227769
0
0.0227769
0
0.0227769
0
0
0
0.0220827
0
0.0220827
0
0
0
0
-0.00961942
0
0
-0.00961942
0
0
0
0
0
0
0
-0.00934154
0
0
0
0
0
0.0202328
0
-0.00907926
0.0202328
0
0
0
0
0
0
0
0
0
0
0
0
-0.00859653
0
0
0
0
-0.00859653
0.0186688
0
0
0
0
0.0186688
0
0.0186688
0
0.0186688
0
0
0
0
0
0
0
0
0
0
0
-0.00796159
0
-0.00777028
0
0
0
