0
0
0
0
0
0
-0.301497
-0.4
-0.31612
-0.4
-0.320191
-0.4
-0.321499
-0.4
-0.4
-0.314604
-0.4
-0.4
-0.4
-0.308625
-0.4
-0.4
-0.311885
-0.4
-0.318917
-0.4
-0.267006
-0.4
-0.150278
-0.0563644
-0.133368
-0.0213367
-0.127018
-0.00759585
-0.00448732
-0.00264236
-0.0897416
-0.000456366
-0.00026761
-0.0894746
-9.19732e-05
-5.39122e-05
-3.16006e-05
-1.85222e-05
0.0624062
-4.24215e-06
-2.48641e-06
-1.45733e-06
-8.54165e-07
-5.00641e-07
-2.93434e-07
-1.71987e-07
-1.00804e-07
0.0625705
0.00124972
0.124683
0.12468
-2.74472e-09
-3.03078e-09
0.0509097
0.000938781
1.30253e-05
0.0509098
0.000938785
1.04208e-05
1.43872e-07
1.95368e-09
7.4374e-12
-1.13529e-11
0.106375
0.106375
-1.96855e-12
-1.1538e-12
-6.76261e-13
0.0927572
-1.9913e-13
-1.16713e-13
-6.84076e-14
-4.00948e-14
0.0822302
-1.20521e-14
-7.06396e-15
0.0738491
0.0738491
0.0738491
-8.33652e-16
-4.34326e-16
0.0670185
0.0670185
-8.74518e-17
0.0670185
-3.00425e-17
0.0613444
0.0613444
0.0613444
0.0613444
0.0613444
0.0613444
0.0613444
0.0565562
0.0565562
0.0565562
0.0565562
0.0565562
0.0524613
0.0524613
0.0524613
0.0524613
0.0489193
-1.38596e-21
-8.12331e-22
-4.76121e-22
-2.79062e-22
0.0458254
0.0458254
0.0458254
-3.05811e-23
-1.79241e-23
-1.05056e-23
-6.15751e-24
0.017778
0.0432754
0.043102
4.79767e-08
6.62609e-10
0.0166918
0.0432754
0.043102
0.0406798
0.0406798
0.0406798
1.1849e-13
0.0406798
0.0406798
0.0385173
0.0385173
0.0385173
7.30635e-25
9.90819e-27
2.97927e-29
0.0365731
0.0365731
-2.20743e-29
0.0365731
-7.58338e-30
0.0134134
0.000198373
2.74243e-06
3.78763e-08
5.23112e-10
7.22473e-12
9.97811e-14
0.0348157
1.90328e-17
0.0348157
0.0332195
0.0332195
0.0332195
9.08572e-27
1.19506e-28
0.0317632
0.0317632
-1.1831e-34
-2.38181e-34
-1.41977e-34
-8.3248e-35
-4.87935e-35
0.0304293
-1.67622e-35
-9.39743e-36
-5.50799e-36
-3.22833e-36
-1.89218e-36
-1.10904e-36
-6.50024e-37
-3.8099e-37
-2.23305e-37
-1.30883e-37
0.0280715
0.0280715
-2.52552e-38
-1.42104e-38
-8.32894e-39
-4.88173e-39
-2.86127e-39
-1.67703e-39
-9.82938e-40
-5.76116e-40
-3.37671e-40
-1.97915e-40
-1.11539e-40
-6.53748e-41
-3.83171e-41
-2.24586e-41
-1.31638e-41
-7.71555e-42
-4.52199e-42
-2.64986e-42
0.0251485
-8.77213e-43
0.0251485
-3.01279e-43
0.0251485
0.0251485
0.0251485
0.0243049
-1.96182e-44
-1.12104e-44
-7.00649e-45
0.0243049
0.0243049
-1.4013e-45
-1.4013e-45
-0
-0
0.0235161
-0
0
0
0
0
0
0
0
0
0
0
0
0
0
0
0
0
0
0.0214296
0.0214296
0
0.0214296
0.0214296
0.0214296
0.020814
0
0
0
0
0
0.020814
0
0
0
0
0
0
0
0
-0.0088313
0
0
-0.0088313
0
0
0
-0.00859653
0
0
0
-0.00859653
0
0
0
0
0
0
0
0
0.00712027
0.0187569
0.0182011
1.89382e-08
2.61556e-10
3.61236e-12
4.98906e-14
6.89041e-16
9.51638e-18
