0
0
0
0
0
0
-0.301497
-0.4
-0.31612
-0.4
-0.320191
-0.4
-0.321499
-0.4
-0.321939
-0.4
-0.322089
-0.4
-0.4
-0.4
-0.4
-0.314758
-0.4
-0.4
-0.4
-0.308645
-0.4
-0.317997
-0.4
-0.188248
-0.127606
-0.0861693
-0.139588
-0.0344778
-0.129292
-0.0125546
-0.0910297
-0.00221402
-0.00130065
-0.000763361
-0.000447772
-0.08952
-0.000153938
-9.02398e-05
-5.2896e-05
-3.10049e-05
-1.81731e-05
-1.06517e-05
-6.24323e-06
-3.65929e-06
-2.14478e-06
-1.25709e-06
-7.36804e-07
-2.87902e-07
-1.68744e-07
-9.89039e-08
-5.79692e-08
0.150593
0.150593
-1.16721e-08
0.150593
-3.00732e-09
-1.76264e-09
-1.03311e-09
-6.05524e-10
-3.54908e-10
-2.08017e-10
-1.21922e-10
0.12468
0.12468
0.12468
0.12468
0.106375
0.106375
0.106375
0.106375
0.106375
0.0927572
-2.27938e-13
-1.33598e-13
0.0927572
0.0927572
0.0927572
0.0822302
0.0822302
0.0738491
-2.38095e-15
-1.39552e-15
-8.17936e-16
-4.79406e-16
-2.80988e-16
-1.64692e-16
0.0670185
-4.52616e-17
-2.65286e-17
-1.55488e-17
-9.11343e-18
-5.34153e-18
-3.13076e-18
-1.83499e-18
-1.07552e-18
-5.73073e-19
-3.35887e-19
0.0565562
-1.15388e-19
0.0565562
0.0565562
-2.32335e-20
-1.36175e-20
0.0524613
-4.28823e-21
0.0524613
0.0524613
0.0524613
0.0524613
0.0489193
0.0489193
0.0489193
0.0489193
0.0489193
0.0458254
0.0458254
0.0458254
0.0458254
0.0458254
0.0458254
-7.12978e-25
-3.90029e-25
-2.28603e-25
-1.33988e-25
-7.85325e-26
-4.60292e-26
-2.69785e-26
-1.58125e-26
-8.68874e-27
-5.09261e-27
-2.98487e-27
-1.74948e-27
-1.0254e-27
-6.01004e-28
-3.52258e-28
-2.06464e-28
-1.21012e-28
-7.09273e-29
-4.15717e-29
-2.29326e-29
-1.34412e-29
-7.87809e-30
0.0148741
0.000221686
0.0385195
0.0385173
0.0385173
0.0365731
0.0365731
0.0365731
0.0365731
0.0365731
0.0348157
0.0348157
6.92483e-25
9.56391e-27
0.0332195
0.0332195
0.0332195
-1.15652e-34
-2.56974e-34
-1.5323e-34
-8.98465e-35
-5.2661e-35
-2.93957e-35
-1.72293e-35
-1.00984e-35
-5.91884e-36
0.0122139
0.000179498
0.0317652
3.27114e-08
0.0304293
0.0304293
0.0304293
0.0304293
0.0292029
0.0292029
0.0292029
4.14198e-23
5.72051e-25
7.90063e-27
1.09116e-28
1.50701e-30
1.99461e-32
2.75477e-34
3.80442e-36
5.24273e-38
6.56225e-40
-3.07053e-41
-2.37324e-41
-1.39892e-41
-7.87249e-42
-4.61448e-42
-2.70451e-42
-1.58487e-42
-9.29061e-43
-5.45105e-43
-3.19496e-43
-1.87774e-43
-1.05097e-43
-6.16571e-44
-3.64338e-44
-2.10195e-44
-1.26117e-44
-7.00649e-45
-4.2039e-45
-2.8026e-45
-1.4013e-45
-1.4013e-45
0.0251485
0.0243049
-0
-0
0
0
0
0.0243049
0
0
0.0243049
0
0.0235161
0.0235161
0
0.0235161
0
0
0
0
0
0
0
0
0
0
0
0
0
0
0
0
0
-0.00991434
0
-0.00961942
0
0
0
-0.00961942
0
0
-0.00961942
0
0
0
