0
0
0
0
0
0
-0.301497
-0.4
-0.31612
-0.4
-0.320191
-0.4
-0.321499
-0.4
-0.321939
-0.4
-0.4
-0.4
-0.4
-0.4
-0.304476
-0.4
-0.316879
-0.4
-0.4
-0.4
-0.4
-0.217728
-0.4
-0.129164
-0.012277
-0.12552
-0.00430429
-0.0025341
-0.00148918
-0.000874183
-0.123708
-0.000300742
0.0738688
0.190064
-3.02977e-05
-1.77585e-05
-1.04088e-05
0.190099
-3.57582e-06
-2.09585e-06
0.190103
-7.19997e-07
-2.81335e-07
-1.64895e-07
-9.66478e-08
-5.66469e-08
-3.32017e-08
-1.94601e-08
-1.14059e-08
-5.01388e-09
-2.93872e-09
-1.72243e-09
-1.00955e-09
-0.057572
-3.46812e-10
-2.03272e-10
0.106375
0.106375
0.106375
0.106375
0.0927572
-5.49404e-12
0.0927572
-1.88738e-12
0.0370866
0.000626836
8.6841e-06
1.19941e-07
0.0927572
1.95444e-11
0.0822302
-1.87908e-14
-1.31543e-14
-7.73951e-15
0.0822302
0.0822302
0.0822302
0.0738491
0.0738491
0.0738491
0.0738491
0.0738491
0.0738491
-2.88038e-17
-1.68824e-17
0.0670185
0.0670185
0.0670185
-1.99237e-18
0.0263533
0.0672501
5.78949e-06
7.1965e-08
0.0613444
0.0613444
1.89584e-13
2.61833e-15
3.61476e-17
4.90859e-19
1.86929e-21
-2.59274e-21
-1.56921e-21
-9.20427e-22
-5.39487e-22
-3.16202e-22
0.0565562
-1.08626e-22
0.0524613
0.0524613
-2.00492e-23
0.0524613
-6.88756e-24
0.0524613
-2.3661e-24
-1.38681e-24
0.0524613
-4.76415e-25
-2.57755e-25
0.0489193
0.0489193
0.0489193
-3.04189e-26
-1.7829e-26
-1.04499e-26
0.0489193
-3.58988e-27
0.0458254
-1.14515e-27
-6.71193e-28
-3.93398e-28
-2.30577e-28
0.0458254
-7.92107e-29
-4.33316e-29
-2.53974e-29
0.0430996
0.0430996
0.0430996
-2.99726e-30
-1.75675e-30
-9.65305e-31
-5.65781e-31
-3.31614e-31
0.0406798
-1.07219e-31
-6.28429e-32
0.0385173
0.0385173
0.0385173
0.0385173
-4.34687e-33
-2.40623e-33
-1.41033e-33
-8.26618e-34
-4.84495e-34
-2.8397e-34
-1.6644e-34
0.0348157
-5.41682e-35
0.0348157
0.0348157
-1.03614e-35
-6.07301e-36
0.0332195
-2.08628e-36
0.0332195
0.0332195
-4.20073e-37
-2.46212e-37
0.0122139
0.0319022
2.48125e-06
3.42691e-08
4.73292e-10
0.0317632
8.61746e-14
1.19016e-15
1.64374e-17
2.27018e-19
3.13535e-21
4.33025e-23
5.98053e-25
0.0292029
0.0292029
1.50701e-30
2.08133e-32
2.87454e-34
3.97003e-36
5.48256e-38
7.54395e-40
8.77493e-42
-8.4218e-43
-5.75934e-43
-3.25101e-43
0.0280715
-1.12104e-43
-6.5861e-44
-3.78351e-44
-2.24208e-44
-1.26117e-44
-7.00649e-45
-4.2039e-45
-2.8026e-45
-1.4013e-45
0.0260528
0.0260528
0.0260528
-0
-0
0
0.0260528
0.0260528
0
0
0
0
0
0.0251485
0.0251485
0
0.0251485
0
0
0
0
0
0
0
0
0
0
0
0
0
0
0
0
-0.0102279
0
-0.0102279
0
0
0
-0.0102279
0.0220827
0
0
0
0
0
0
0
0
0
0
0
0
0
0
0
0
0
-0.00934154
0
0
0
0
-0.00934154
0
0
-0.00934154
0
-0.00907926
0
-0.00907926
0
-0.00907926
0
-0.0088313
0
-0.0088313
0
-0.0088313
0
0
0
0
0
0
0.0191626
0.0101752
0
-0.00837392
