0
0
0
0
0
0
-0.301497
-0.4
-0.31612
-0.4
-0.320191
-0.4
-0.321499
-0.4
-0.321939
-0.4
-0.322089
-0.4
-0.4
-0.4
-0.322158
-0.4
-0.322164
-0.4
-0.322166
-0.4
-0.322167
-0.4
-0.322167
-0.239194
-0.186306
-0.135274
-0.09219
-0.0597319
-0.0373162
-0.1298
-0.0136556
-0.0911761
-0.00241383
-0.0900172
-0.000832528
-0.0896171
-0.000286392
-0.0701019
-6.56262e-05
-0.0700625
-2.25472e-05
-0.070049
-7.74598e-06
-0.0575741
-1.99578e-06
-0.0575727
-6.85618e-07
-4.01852e-07
-0.0575722
-1.38049e-07
-8.09131e-08
-4.74245e-08
-2.77963e-08
-0.0488712
-7.63915e-09
-0.0488712
-2.6243e-09
-1.53815e-09
-9.01533e-10
-5.28403e-10
-3.09706e-10
-1.81524e-10
-1.06394e-10
-6.23594e-11
-3.65499e-11
-2.14225e-11
-1.25561e-11
-7.35933e-12
-4.31343e-12
-2.52817e-12
-1.4818e-12
-8.68509e-13
-5.09048e-13
-2.98361e-13
-1.74875e-13
-1.02497e-13
-6.00752e-14
-3.52111e-14
-2.06378e-14
0.0927572
-5.90813e-15
-3.46285e-15
-2.02964e-15
0.0822302
0.0822302
-3.50287e-16
-1.79645e-16
-1.05293e-16
-6.1714e-17
-3.61716e-17
-2.12008e-17
0.0738491
-7.28316e-18
0.0738491
0.0738491
0.0670185
0.0670185
0.0670185
-2.62465e-19
-1.53835e-19
-8.11489e-20
-4.75627e-20
0.0613444
-1.63394e-20
-9.57677e-21
-5.6131e-21
-3.28993e-21
0.0613444
0.0565562
0.0565562
0.0565562
0.0565562
0.0565562
0.0565562
0.0565562
0.0565562
0.0524613
0.0524613
0.0524613
0.0524613
0.0524613
0.0489193
-4.90895e-25
-2.87722e-25
0.0489193
0.0489193
-5.37948e-26
0.0458254
0.0458254
-1.08316e-26
-6.34858e-27
0.0458254
-2.18095e-27
0.0458254
0.0458254
0.0458254
-2.40225e-28
0.0430996
0.0430996
0.0430996
-2.83501e-29
0.0406798
0.0406798
0.0406798
0.0406798
-1.83843e-30
0.0406798
-5.94409e-31
0.0385173
0.0385173
0.0385173
-7.0149e-32
-4.11155e-32
0.0385173
0.0365731
0.0365731
0.0365731
0.0365731
0.0365731
0.0365731
0.0365731
0.0348157
0.0348157
0.0348157
0.0348157
-3.544e-35
-2.0772e-35
-1.15661e-35
-6.77907e-36
-3.97332e-36
-2.32883e-36
-1.36497e-36
-8.0003e-37
-4.68911e-37
-2.74836e-37
0.0122139
0.000179498
0.0317652
3.42691e-08
4.73292e-10
0.0317632
9.02782e-14
0.0317632
1.64374e-17
2.27018e-19
0.0304293
0.0304293
0.0292029
0.0292029
1.09116e-28
0.0292029
0.0292029
0.0292029
0.0280715
5.25406e-38
7.22641e-40
8.22142e-42
0.0280715
0.0280715
0.0280715
0.0270245
-1.1911e-43
-7.00649e-44
-4.06377e-44
0.0270245
-1.4013e-44
-8.40779e-45
0.0270245
-2.8026e-45
0.0270245
-1.4013e-45
-0
0.0260528
-0
0.0260528
0.0260528
0
0.00998234
0.0261707
0.0260544
0.0260528
0.0251485
0.0251485
0.0251485
0.0243049
0.0243049
0.0243049
0.0243049
3.40234e-23
0.0243049
0.0243049
8.9631e-29
1.2379e-30
1.70967e-32
2.36123e-34
3.26111e-36
4.34862e-38
6.00591e-40
8.29429e-42
1.14906e-43
1.4013e-45
0
0
0
0
0
0
0
0
0
0
0
0.00870932
0.0228819
1.73688e-06
2.39884e-08
0.0220827
0.0220827
0.0220827
0.0220827
0.0220827
1.56075e-19
2.15556e-21
2.97705e-23
0.0214296
0.0214296
0.0214296
1.08316e-30
1.49596e-32
2.06608e-34
2.767e-36
3.82152e-38
5.27792e-40
7.28955e-42
1.00893e-43
1.4013e-45
0
0
0
0
0
0
0
0
0.00772426
0.000110904
0.0202341
2.11662e-08
0.0202328
3.922e-12
5.41669e-14
7.48102e-16
0.00751186
0.000107737
0.0196844
2.05614e-08
2.83975e-10
3.922e-12
5.41669e-14
7.48102e-16
1.00451e-17
1.38733e-19
1.91605e-21
2.64626e-23
3.65477e-25
5.04762e-27
6.9713e-29
9.62809e-31
1.2938e-32
1.78688e-34
2.46786e-36
3.40838e-38
4.70733e-40
6.50062e-42
8.68805e-44
1.4013e-45
0
0.0181999
0
0
0
0
