0
0
0
0
0
0
-0.301497
-0.4
-0.31612
-0.4
-0.320191
-0.4
-0.4
-0.4
-0.4
-0.306304
-0.4
-0.317361
-0.4
-0.32058
-0.4
-0.321629
-0.4
-0.321983
-0.4
-0.322104
-0.4
-0.270003
-0.4
-0.151927
-0.0596646
-0.134017
-0.0227217
-0.127252
-0.00810798
-0.00479243
-0.00282292
-0.00165941
-0.000974279
-0.000571618
-0.000335233
-0.000196554
0.115402
0.00363608
1.25068e-05
-2.24866e-05
-1.3592e-05
0.190101
-2.33642e-06
-1.36942e-06
-8.02639e-07
-4.70441e-07
-2.75733e-07
-1.61612e-07
0.150593
0.150593
-1.62703e-08
-9.5363e-09
0.12468
0.12468
0.12468
-9.00339e-10
0.106375
-3.09296e-10
0.106375
-1.06253e-10
0.106375
0.106375
-2.13941e-11
-1.04496e-11
-6.12466e-12
0.0927572
0.0927572
-1.2332e-12
-7.228e-13
0.0927572
0.0927572
0.0822302
0.0822302
-4.2854e-14
0.0822302
-1.28815e-14
-7.55008e-15
0.0738491
0.0738491
0.0738491
-8.91021e-16
0.0670185
-2.72084e-16
0.0670185
0.0670185
0.0670185
-3.211e-17
0.0613444
0.0613444
-5.81882e-18
-3.41051e-18
-1.99895e-18
-1.17162e-18
-6.86706e-19
-3.659e-19
-2.1446e-19
-1.25699e-19
-7.36741e-20
-4.31816e-20
-2.53095e-20
-1.48343e-20
-8.69463e-21
-5.09607e-21
-2.98689e-21
-1.60478e-21
-9.40586e-22
-5.51293e-22
-3.23122e-22
0.0524613
0.0524613
-6.50608e-23
-3.51999e-23
0.0489193
0.0489193
0.0489193
0.0489193
-2.43479e-24
-1.32514e-24
0.0458254
0.0458254
0.0458254
0.0458254
0.0458254
0.0458254
-3.14883e-26
-1.84558e-26
-1.08173e-26
-5.9175e-27
-3.46835e-27
-2.03286e-27
-1.19149e-27
-6.98353e-28
-4.09316e-28
-2.39907e-28
-1.40613e-28
-7.72649e-29
-4.52863e-29
-2.6543e-29
-1.55573e-29
-9.1184e-30
0.0406798
0.0406798
-1.83599e-30
-1.07611e-30
-5.93622e-31
-3.47932e-31
-2.03929e-31
0.0385173
0.0385173
-4.10611e-32
-2.40666e-32
0.0365731
-7.80835e-33
0.0365731
0.0365731
0.0365731
0.0365731
0.0348157
-2.99904e-34
0.0348157
0.0348157
0.0348157
-3.36235e-35
-1.97073e-35
0.0332195
-6.77009e-36
0.0332195
-2.32575e-36
-1.29825e-36
0.0317632
-4.45991e-37
-2.61402e-37
-1.53212e-37
0.0317632
0.0317632
-3.08494e-38
0.0317632
-1.05978e-38
-6.21153e-39
-3.47519e-39
-2.03687e-39
-1.19384e-39
-6.99731e-40
-4.10124e-40
-2.4038e-40
-1.40891e-40
-8.25785e-41
-4.84008e-41
-2.83679e-41
-1.66278e-41
-9.32144e-42
0.0292029
0.0292029
0.0292029
-1.10002e-42
-6.44597e-43
-3.78351e-43
-2.11596e-43
-1.24716e-43
-7.28675e-44
-4.34403e-44
-2.52234e-44
-1.4013e-44
-8.40779e-45
-4.2039e-45
-2.8026e-45
0.0270245
-1.4013e-45
-0
-0
0.0270245
-0
0.0260528
0.0260528
0.0260528
0.0260528
0
0.0251485
0.0251485
0.0251485
0.0251485
0.0243049
0
0
0
0
0
0
0
0
0
0
0
0
-0.0102279
0
-0.0102279
0
-0.00991434
0
-0.00991434
0
-0.00991434
0
-0.00961942
0
0
-0.00961942
0
-0.00961942
0
0
-0.00934154
0
0
0
0
0.00794903
0.000114263
-0.00933996
