0
0
0
0
0
0
-0.301497
-0.4
-0.31612
-0.4
-0.4
-0.313387
-0.4
-0.319359
-0.4
-0.321225
-0.4
-0.321846
-0.4
-0.322057
-0.4
-0.322129
-0.4
-0.4
-0.4
-0.322162
-0.4
-0.192648
-0.135266
-0.151959
-0.0597273
-0.134029
-0.0227481
-0.0924129
-0.0041005
-0.00241361
-0.0014182
-0.000832452
-0.000488335
-0.000286366
-0.000167894
-9.84223e-05
-5.76928e-05
-3.38168e-05
-1.98213e-05
-1.16178e-05
-6.80947e-06
0.0811574
0.00186646
0.150595
0.150592
0.150593
0.150593
0.150593
0.12468
0.12468
0.12468
-9.54807e-09
0.12468
-3.28008e-09
0.0509097
0.000751731
1.04203e-05
1.4362e-07
1.80632e-09
-7.89305e-11
-6.19746e-11
-3.65413e-11
0.0429124
0.000751732
0.0927607
1.19938e-07
1.65442e-09
0.0927572
0.0927572
0.0927572
0.0927572
0.0822302
0.0822302
0.0822302
0.0822302
0.0822302
-7.55941e-15
0.0738491
-2.5969e-15
0.0738491
0.0738491
-5.22887e-16
-3.06473e-16
-1.5967e-16
-9.35853e-17
-5.48519e-17
0.0263533
0.0672501
5.78949e-06
0.0263534
0.000418329
5.7895e-06
0.0670185
0.0670185
0.0670185
0.0613444
2.61823e-15
3.60812e-17
0.0613444
-2.0977e-20
-1.62426e-20
-9.57458e-21
-5.61258e-21
-2.99058e-21
0.0220911
0.000342398
4.73688e-06
6.54228e-08
9.03558e-10
1.24791e-11
1.72349e-13
2.18196e-15
3.01352e-17
0.0524613
0.0524613
0.0524613
-1.54451e-24
-1.41485e-24
0.0489193
0.0489193
0.0489193
0.0489193
-9.88329e-26
-5.79276e-26
0.0458254
0.0458254
-1.08306e-26
-6.34801e-27
-3.72067e-27
-2.18075e-27
0.0430996
-6.99215e-28
-4.09821e-28
-2.40203e-28
-1.40787e-28
-8.25176e-29
0.0166918
0.000251207
3.25663e-06
0.0157306
0.0408483
0.0406821
0.0406798
0.0406798
0.0385173
0.0385173
0.0385173
2.1272e-17
2.93788e-19
4.05753e-21
5.60387e-23
7.73953e-25
1.06891e-26
1.39422e-28
1.92294e-30
2.50207e-32
-5.55334e-34
-5.357e-34
-3.16886e-34
-1.85772e-34
-1.08885e-34
0.0348157
-3.54368e-35
0.0332195
-1.1565e-35
-6.77845e-36
0.0332195
-2.32862e-36
0.0127856
0.0333636
2.60531e-06
3.59825e-08
4.96957e-10
6.86349e-12
9.47921e-14
1.30918e-15
1.72201e-17
2.37828e-19
0.0317632
4.53645e-23
6.26532e-25
8.65307e-27
1.19508e-28
1.65053e-30
2.17594e-32
3.0052e-34
4.15042e-36
0.0116912
0.000171346
2.36847e-06
3.27114e-08
4.51779e-10
0.0292029
0.0292029
0.0292029
0.0292029
0.0292029
0.0280715
0.0280715
0.0280715
0.0280715
1.04569e-28
1.44421e-30
1.99461e-32
2.75477e-34
3.65244e-36
5.0444e-38
6.96685e-40
9.62132e-42
1.33123e-43
1.4013e-45
-0
0
-0.0117093
0
-0.0117093
0
-0.0113001
0
-0.0113001
0
0
0
0
0
0
0
0
0
0
0
0
0
0
0
0
0
0
0.0243049
0
0
0
0
0
0
0
0
0
0
0
0
0
0
0
0
0
0
0
0
0
0
0
