0
0
0
0
0
0
-0.301497
-0.4
-0.31612
-0.4
-0.320191
-0.4
-0.321499
-0.4
-0.4
-0.4
-0.309627
-0.4
-0.4
-0.312074
-0.4
-0.318972
-0.4
-0.321098
-0.4
-0.321803
-0.4
-0.322042
-0.4
-0.4
-0.4
-0.4
-0.168699
-0.0921264
-0.140936
-0.0372859
-0.129794
-0.0136438
-0.00811138
-0.00479445
-0.00282412
-0.00166011
-0.000974695
-0.000571862
-0.000335376
-0.000196638
-5.76464e-05
-3.37895e-05
-1.98053e-05
0.190095
-6.80399e-06
-3.98796e-06
0.190102
-9.13336e-07
-5.35322e-07
0.150593
0.150593
0.150593
0.12468
0.12468
0.12468
0.12468
0.12468
0.106375
0.106375
-9.00724e-10
-5.27929e-10
-3.09428e-10
0.0927572
0.0927572
0.0927572
-3.04309e-11
-1.78361e-11
0.0927572
-6.12727e-12
0.0822302
-1.80422e-12
-1.05748e-12
-6.19807e-13
-3.63279e-13
-2.12924e-13
-1.24798e-13
0.0738491
-3.75133e-14
-2.19872e-14
0.0738491
0.0738491
-4.42712e-15
0.0291671
0.0672501
5.78949e-06
0.0263534
0.0672501
5.7895e-06
0.0670185
0.0670185
0.0613444
0.0613444
0.0613444
0.0613444
0.0613444
-1.99291e-18
-1.17203e-18
-6.24544e-19
0.0220911
0.0567671
4.73688e-06
6.54228e-08
9.03558e-10
1.24791e-11
1.72349e-13
0.0524613
0.0524613
0.0524613
4.14268e-21
0.0524613
0.0524613
0.0524613
-1.89468e-22
0.0204383
0.0491115
4.00814e-06
0.0190156
0.0491115
4.00815e-06
5.53579e-08
0.0489193
1.05592e-11
1.45834e-13
2.01413e-15
0.0489193
0.0458254
4.9269e-21
0.0458254
0.0458254
0.0458254
0.0430996
0.0430996
0.0430996
-2.03372e-27
-1.192e-27
0.0166918
0.000251207
0.0166947
0.000251255
3.47439e-06
4.49867e-08
6.21314e-10
8.581e-12
0.0157306
0.000235525
0.0406821
4.23324e-08
5.84655e-10
8.0747e-12
1.1152e-13
1.54021e-15
2.12719e-17
2.93787e-19
4.05751e-21
0.014106
0.000209383
0.0141085
0.0367286
2.89534e-06
3.99882e-08
0.014106
0.0367285
0.0348178
0.0348158
0.0348157
0.0348157
0.0332195
0.0332195
0.0332195
2.49719e-19
0.0332195
0.0332195
0.0317632
0.0317632
0.0317632
0.0317632
0.0317632
0.0304293
4.10024e-36
0.0304293
0.0304293
0.0304293
0.0292029
-3.32552e-39
-1.94914e-39
-1.14242e-39
-6.69594e-40
-3.9246e-40
-2.30027e-40
-1.34823e-40
-7.9022e-41
-4.63157e-41
-2.71474e-41
-1.52475e-41
-8.93748e-42
-0.0126235
-3.07024e-42
-0.0126235
-1.05518e-42
-0.0121492
-3.47522e-43
-0.0121492
-1.1911e-43
-0.0121492
-4.06377e-44
-0.0117093
-1.4013e-44
-0.0117093
-4.2039e-45
-0.0117093
-1.4013e-45
-0.0113001
-0
-0
-0.0113001
-0
-0.0113001
0
-0.0109186
0
-0.0109186
0
-0.0109186
0
-0.010562
0
0
-0.010562
0
0
0
0
0
0
0
0
0
0
0
0.0235161
0
0.00899613
0.0236241
1.79677e-06
0.0235161
3.42729e-10
0.0227769
0.0227769
8.72786e-16
0.0227769
1.6648e-19
0.0227769
3.17552e-23
4.38572e-25
0.00870932
0.000125682
0.0227783
2.39884e-08
3.31305e-10
4.57566e-12
6.31947e-14
8.72786e-16
1.20541e-17
1.6648e-19
2.22509e-21
3.07308e-23
4.24425e-25
5.86176e-27
8.0957e-29
1.1181e-30
-0.00961942
2.06608e-34
-0.00961942
3.94094e-38
-0.00961942
7.51656e-42
-0.00934154
1.4013e-45
-0.00934154
0
-0.00934154
0
0
0
0
0
0
0
