0
0
0
0
0
0
-0.301497
-0.4
-0.31612
-0.4
-0.320191
-0.4
-0.321499
-0.4
-0.321939
-0.4
-0.4
-0.314709
-0.4
-0.4
-0.313089
-0.4
-0.31927
-0.4
-0.4
-0.4
-0.4
-0.306217
-0.4
-0.317337
-0.4
-0.320573
-0.4
-0.4
-0.314385
-0.4
-0.4
-0.242397
-0.4
-0.4
-0.132525
-0.0195302
-0.126715
-0.00693144
-0.12466
-0.00240858
-0.00141523
-0.0895859
-0.000243804
-0.000142934
-8.37881e-05
-4.91139e-05
-2.87879e-05
-1.68736e-05
-9.89006e-06
-5.79679e-06
-0.0894087
-1.99141e-06
-1.1672e-06
-6.84115e-07
-4.00972e-07
-2.35016e-07
-9.18314e-08
-5.38239e-08
-3.15471e-08
-1.84903e-08
-1.08375e-08
-6.35201e-09
-3.72302e-09
-2.18212e-09
-9.59235e-10
-5.62224e-10
-3.29529e-10
-1.93142e-10
-1.13204e-10
-6.63507e-11
-3.88892e-11
-2.27936e-11
0.106375
0.106375
0.106375
-2.15199e-12
-1.26132e-12
0.106375
0.0927572
0.0927572
0.0927572
0.0927572
0.0822302
0.0822302
0.0822302
0.0822302
0.0738491
-2.21069e-15
-1.29572e-15
-7.59446e-16
-4.45124e-16
-2.60895e-16
-1.52915e-16
-8.96258e-17
0.0670185
0.0670185
-1.60411e-17
-9.40193e-18
-5.51063e-18
-3.22987e-18
0.0670185
-9.9861e-19
-5.85302e-19
-3.43055e-19
-2.0107e-19
-1.17851e-19
-6.90742e-20
-4.04856e-20
-2.37293e-20
0.0565562
0.0565562
0.0565562
0.0565562
0.0565562
0.0565562
0.0565562
-3.00444e-22
-1.61421e-22
0.0524613
-5.54534e-23
-3.25021e-23
-1.905e-23
0.0524613
0.0524613
0.0524613
0.0524613
0.0524613
0.0489193
0.0489193
0.0489193
0.0489193
0.0489193
-4.57903e-26
-2.68385e-26
0.0458254
0.0458254
0.0458254
0.0430996
0.0430996
-1.01555e-27
0.0430996
0.0430996
0.0430996
0.0406798
-6.58553e-29
-3.85989e-29
0.0406798
0.0406798
0.0406798
0.0385173
0.0385173
0.0385173
0.0385173
0.0385173
0.0385173
0.0385173
0.0385173
0.0365731
0.0365731
0.0365731
0.0365731
0.0365731
0.0348157
0.0348157
0.0348157
0.0348157
0.0348157
-2.55618e-34
0.0332195
0.0332195
0.0332195
-2.72937e-35
-1.59973e-35
-9.37626e-36
-5.49558e-36
-3.22105e-36
0.0122139
0.0319022
0.0317652
0.0317633
0.0317632
6.53666e-12
0.0317632
0.0304293
0.0304293
0.0304293
0.0304293
0.0304293
0.0304293
0.0292029
0.0292029
0.0292029
0.0292029
2.87454e-34
3.96993e-36
0.0292029
0.0292029
-1.21423e-41
-1.28527e-41
0.0280715
0.0280715
0.0280715
-1.53302e-42
0.0280715
-5.05869e-43
0.0270245
0.0270245
0.0270245
-6.02558e-44
-3.50325e-44
-1.96182e-44
-1.12104e-44
-7.00649e-45
0.0260528
0.0260528
0.0251485
0.0251485
-0
-0
0.0251485
-0
0
0.0251485
0.0243049
0.0243049
0
0
0
0.0243049
0
0
0.0235161
0
0
0
0.0235161
0.0235161
0.0235161
0.0227769
0
0.0227769
0
0.0220827
0.0220827
0
0
0.0220827
0.0214296
0
0
0
0
0
0
0
0.020814
0
0
0
0
0.0202328
0
0
0.0196831
0
0
0
0
0
0
0
0.0191626
0
0
0
0
0
0
0
0
0
0
0
0
0
0
0
0.00712027
0.018286
1.37122e-06
1.89382e-08
2.61556e-10
3.61236e-12
4.98906e-14
6.89041e-16
0.017754
1.28061e-19
0.017754
2.44271e-23
3.37363e-25
4.65934e-27
0.017754
8.88747e-31
0.00676748
0.0178382
0.0173305
1.79913e-08
0.0173293
3.43175e-12
4.7396e-14
6.38623e-16
0.0169246
0.0169246
0.0169246
0.0169246
0.0169246
4.32653e-27
5.9754e-29
8.25265e-31
0.0165383
1.57415e-34
2.17407e-36
3.00262e-38
4.0505e-40
5.59398e-42
7.70714e-44
1.4013e-45
0
0
0
0
0
0
0
0
0
0
-0.00693686
0
0
-0.00693686
0
-0.00693686
0
0
0
0
-0.00679118
0
-0.00679118
0
-0.00679118
0
-0.00665149
0
0
-0.00665149
0
0
0
0
0
0
