0
0
0
0
0
0
-0.301497
-0.4
-0.31612
-0.4
-0.320191
-0.4
-0.321499
-0.4
-0.321939
-0.4
-0.322089
-0.4
-0.4
-0.4
-0.4
-0.4
-0.309728
-0.4
-0.3183
-0.4
-0.4
-0.313865
-0.4
-0.319502
-0.4
-0.4
-0.166666
-0.0882961
-0.140065
-0.0354729
-0.129469
-0.0129394
-0.0910808
-0.00228374
-0.00134171
-0.000787492
-0.000461939
-0.000270879
0.189981
-9.30973e-05
-0.0894307
-3.19869e-05
-0.0700486
-7.32614e-06
-4.29401e-06
-2.5168e-06
0.150592
-8.64607e-07
-5.06761e-07
-2.97021e-07
-1.74089e-07
-1.02037e-07
-0.070042
-3.50529e-08
-1.54088e-08
-9.03136e-09
-5.29343e-09
-3.10257e-09
-1.81847e-09
0.106375
-4.99763e-10
-2.92919e-10
-1.71685e-10
0.106375
0.106375
0.106375
-2.02613e-11
-1.18755e-11
0.106375
0.0927572
-1.99261e-12
0.0927572
-5.86739e-13
-3.43897e-13
-2.01564e-13
0.0822302
-6.05883e-14
-3.55118e-14
-2.08141e-14
-1.21995e-14
0.0738491
0.0738491
0.0670185
0.0670185
-7.50083e-16
-4.39636e-16
-2.57678e-16
0.0613444
-7.96687e-17
0.0613444
-2.73688e-17
0.0613444
0.0613444
-5.51072e-18
-3.22992e-18
0.0565562
0.0565562
0.0565562
0.0565562
-2.03105e-19
-1.19043e-19
0.0565562
0.0524613
0.0524613
-1.28781e-20
-7.54807e-21
0.0524613
-2.39355e-21
0.0489193
0.0489193
0.0489193
0.0458254
-1.53737e-22
-9.01077e-23
0.0458254
0.0458254
-1.69337e-23
-9.9251e-24
0.0430996
0.0430996
0.0430996
0.0430996
-6.86523e-25
-4.02383e-25
-2.21103e-25
0.0406798
-7.14881e-26
0.0385173
-2.45585e-26
0.0385173
0.0385173
0.0385173
-2.89827e-27
0.0365731
0.0365731
0.0365731
-3.23036e-28
0.0365731
-1.10973e-28
-6.16201e-29
0.0348157
0.0348157
0.0348157
0.0348157
0.0348157
0.0348157
0.0332195
0.0332195
0.0332195
0.0332195
-1.64161e-31
0.0332195
0.0317632
0.0317632
0.0317632
-1.08144e-32
0.0317632
-3.71509e-33
-2.17748e-33
0.0317632
0.0304293
0.0304293
0.0304293
0.0304293
0.0304293
0.0292029
0.0292029
0.0292029
0.0292029
0.0292029
0.0292029
0.0292029
0.0280715
-6.30555e-37
0.0280715
0.0280715
0.0280715
0.0280715
-4.36158e-38
0.0270245
0.0270245
0.0270245
0.0270245
0.0270245
0.0260528
0.0260528
0.0260528
0.0260528
-1.92629e-40
-1.12903e-40
0.0251485
0.0251485
0.0251485
0.0251485
0.0251485
0.0251485
-2.58399e-42
0.0243049
0.0243049
0.0243049
0.0243049
0.0243049
0.0243049
0.0235161
-3.36312e-44
0.0235161
-1.12104e-44
-7.00649e-45
-4.2039e-45
-2.8026e-45
0.0227769
0.0227769
0.0227769
0.0227769
-0
-0
0
0
0
0.0220827
0.0220827
0
0
0.0214296
0.0214296
0.0214296
0
0
0
0
0
0
0
0.020814
0.020814
0
0.00794903
0.0203274
1.53254e-06
2.11662e-08
2.92327e-10
4.03735e-12
5.57601e-14
0.0196831
1.03321e-17
1.42697e-19
1.97079e-21
2.72187e-23
3.65477e-25
5.04762e-27
6.9713e-29
9.62809e-31
1.32974e-32
1.83651e-34
2.53642e-36
3.50306e-38
4.8381e-40
6.50062e-42
8.96831e-44
-0.00837392
0
0
0
-0.00837392
0
0
0
0
0
0
0
0
0
0
0
0
0
0
0
0
0
0
0
0
0
0
-0.00796159
0
0
0
0
0
