0
0
0
0
0
0
-0.301497
-0.4
-0.31612
-0.4
-0.320191
-0.4
-0.321499
-0.4
-0.321939
-0.4
-0.322089
-0.4
-0.4
-0.4
-0.322158
-0.4
-0.4
-0.4
-0.309731
-0.4
-0.3183
-0.4
-0.4
-0.4
-0.149972
-0.055749
-0.133248
-0.0210803
-0.126975
-0.0075013
-0.0903662
-0.0013088
-0.000768149
-0.000450583
-0.0895207
-0.000154905
-0.0894462
-5.32283e-05
-3.11997e-05
-0.0700485
-7.14585e-06
-4.18833e-06
-0.0700432
-1.43884e-06
-8.43329e-07
-4.9429e-07
-2.89711e-07
-1.69805e-07
-9.95254e-08
-5.83335e-08
-3.41903e-08
-2.00395e-08
-1.17455e-08
-6.88422e-09
-3.02622e-09
-1.77372e-09
-1.0396e-09
-6.09329e-10
0.0509097
0.000938782
1.30257e-05
0.106375
1.95411e-09
7.69126e-12
-1.12041e-11
0.106375
0.106375
0.106375
0.0927572
0.0927572
0.0927572
0.0927572
-1.34438e-13
0.0822302
0.0822302
0.0822302
-1.18992e-14
-6.97435e-15
0.0738491
0.0738491
-1.40429e-15
0.0738491
0.0738491
0.0738491
0.0738491
-9.71351e-17
-5.06067e-17
0.0670185
0.0670185
0.0670185
0.0670185
0.0613444
0.0613444
-1.08228e-18
-6.34341e-19
0.0565562
0.0565562
0.0565562
-6.8056e-20
-3.98887e-20
-2.33795e-20
-1.37031e-20
0.0565562
-4.70746e-21
0.0524613
0.0524613
-8.68861e-22
0.0524613
0.0524613
0.0524613
0.0489193
0.0489193
0.0489193
0.0489193
-1.03723e-23
-6.07939e-24
0.0458254
0.0458254
-1.22409e-24
-7.17458e-25
0.0458254
-2.4647e-25
0.0458254
0.0430996
0.0430996
-2.7148e-26
-1.59119e-26
0.0166918
0.000251207
0.043102
0.0406798
0.0406798
0.0406798
0.0406798
0.0406798
0.0385173
0.0385173
4.05751e-21
5.60385e-23
0.0365731
1.00878e-26
0.0365731
-6.46469e-31
0.0365731
-8.83229e-31
-5.17885e-31
-2.87568e-31
-1.68549e-31
-9.87891e-32
-5.79019e-32
-3.39373e-32
-1.98912e-32
-1.16586e-32
0.0332195
0.0332195
0.0332195
-1.30709e-33
0.0127856
0.0333636
0.0332215
0.0332195
4.96957e-10
6.53666e-12
9.02782e-14
1.24684e-15
1.72201e-17
2.37828e-19
3.28466e-21
4.33025e-23
5.98053e-25
8.25974e-27
1.14076e-28
1.57551e-30
2.17593e-32
3.00441e-34
4.10409e-36
0.0292029
-1.44928e-38
-8.92789e-39
0.0292029
0.0292029
-1.79974e-39
0.0280715
0.0280715
0.0280715
0.0280715
-1.19301e-40
0.0107694
0.000157078
2.1711e-06
2.8786e-08
3.97565e-10
0.0270245
7.58337e-14
1.04734e-15
0.0103609
0.0271461
0.0260544
0.0260528
3.82274e-10
5.27961e-12
7.2917e-14
9.69762e-16
1.33934e-17
1.84977e-19
2.55473e-21
3.52835e-23
4.87303e-25
6.73016e-27
8.9631e-29
1.2379e-30
1.70967e-32
0.0243049
3.14866e-36
4.34862e-38
0.0235161
8.29429e-42
1.14906e-43
1.4013e-45
0
0
0.0235161
0.0235161
0.0235161
0
0
0.0227769
0
0
0
0
0.0220827
0.0220827
0.0220827
0.0214296
0.0214296
0
0
0
0.0214296
0
0
0
0
0.020814
0
0
0
0.0202328
0
0
0
0
0
0
0
0
0
0
0.0196831
0
0
0.00751186
0.000104746
0.0191638
1.99903e-08
2.76087e-10
3.81305e-12
5.26623e-14
7.27321e-16
1.00451e-17
1.38733e-19
1.86426e-21
2.57474e-23
0.0186688
4.9112e-27
0.0181999
9.12135e-31
1.25975e-32
1.73985e-34
2.40292e-36
3.31869e-38
4.46592e-40
6.16852e-42
8.54792e-44
1.4013e-45
-0.00796159
0
