0
0
0
0
0
0
-0.301497
-0.4
-0.4
-0.4
-0.307063
-0.4
-0.317565
-0.4
-0.4
-0.313702
-0.4
-0.319453
-0.4
-0.321255
-0.4
-0.321856
-0.4
-0.32206
-0.4
-0.32213
-0.4
-0.322154
-0.4
-0.4
-0.4
-0.322165
-0.4
-0.322167
-0.4
-0.192652
-0.135273
-0.0921894
-0.14095
-0.0373159
-0.1298
-0.0136555
-0.00811844
-0.00479866
-0.0900172
-0.000832521
-0.000488375
-0.00028639
0.189974
-9.84305e-05
-5.76976e-05
-3.38196e-05
-1.98229e-05
-7.74592e-06
-4.54005e-06
-2.66101e-06
-1.55967e-06
0.150592
0.150592
-3.1404e-07
0.124679
0.12468
-4.74241e-08
-2.77961e-08
-1.62917e-08
-9.54886e-09
-5.59675e-09
-2.62428e-09
-1.53813e-09
-9.01525e-10
-5.28399e-10
-3.09703e-10
0.106375
-1.06393e-10
-6.23589e-11
0.106375
-2.14223e-11
0.106375
-7.35927e-12
0.106375
0.0927572
-1.23483e-12
0.0927572
0.0927572
-2.48632e-13
-1.45728e-13
-8.54134e-14
-5.00622e-14
-2.93423e-14
0.0927572
-8.64003e-15
-5.06407e-15
-2.96813e-15
-1.73967e-15
-1.01965e-15
-5.97635e-16
0.0822302
-2.05307e-16
0.0822302
0.0822302
-4.13386e-17
0.0738491
0.0738491
0.0738491
-4.26875e-18
0.0738491
0.0670185
-7.64012e-19
-4.478e-19
0.0670185
0.0670185
-9.01647e-20
0.0670185
-3.09745e-20
-1.81547e-20
0.0613444
0.0613444
0.0613444
0.0613444
0.0613444
-6.62424e-22
-3.88258e-22
0.0565562
-1.21254e-22
0.0565562
0.0565562
-2.44145e-23
-1.43097e-23
0.0524613
0.0524613
-2.64116e-24
0.0524613
-9.07326e-25
-5.31799e-25
0.0524613
0.0524613
-9.88411e-26
-5.79324e-26
-3.39552e-26
-1.99017e-26
0.0489193
-6.34853e-27
-3.72098e-27
-2.18093e-27
-1.27828e-27
-7.4922e-28
0.0430996
-2.40223e-28
-1.40799e-28
0.0430996
0.0430996
0.0430996
0.0430996
0.0406798
0.0406798
-3.13659e-30
0.0406798
-1.07752e-30
0.0406798
0.0406798
0.0385173
0.0385173
-7.01484e-32
-4.11152e-32
0.0385173
0.0385173
-8.27855e-33
-4.8522e-33
-2.84395e-33
0.0365731
0.0365731
-5.40818e-34
-3.16982e-34
0.0365731
-1.08894e-34
-6.38245e-35
0.0365731
0.0365731
0.0348157
-7.1358e-36
-4.18241e-36
-2.45138e-36
-1.43679e-36
0.0348157
0.0348157
0.0348157
0.0348157
0.0332195
0.0332195
0.0332195
0.0332195
-1.11423e-38
0.0332195
0.0317632
-2.13667e-39
0.0317632
-7.34017e-40
-4.3022e-40
0.0317632
0.0317632
-8.26878e-41
-4.84639e-41
0.0304293
-1.66488e-41
0.0304293
-5.7201e-42
0.0304293
0.0304293
-1.15187e-42
-6.45999e-43
0.0292029
-2.21405e-43
0.0292029
0.0292029
0.0280715
-2.52234e-44
0.0280715
-8.40779e-45
0.0280715
-2.8026e-45
0.0270245
-1.4013e-45
0.0270245
-0
0.0270245
-0
0
0.0260528
0
0
0
0
0
0
0.0251485
0
0
0
0
0.0243049
0.0243049
0
0.0243049
0.0235161
0.0235161
0.0235161
0
0
0.0235161
0
0.0235161
0.0227769
0.0227769
0
0
0
0.0220827
0
0.0220827
0
0.0220827
0
0
0
0
0
0
0
0
0
0
0
-0.00934154
0
0
-0.00934154
0
-0.00934154
0
-0.00907926
0.0202328
0
0
0
0
0.00772426
0.0203274
1.53254e-06
0.0202328
-0.0088313
3.922e-12
5.41669e-14
7.48102e-16
0.0196831
1.42697e-19
1.97079e-21
2.72187e-23
0.0196831
0.0196831
6.9713e-29
9.62809e-31
-0.00859653
1.83651e-34
-0.00859653
3.50306e-38
0.0186688
6.50062e-42
-0.00837392
1.4013e-45
-0.00837392
0
0
0
0
0
0
0
0
0
0
0
-0.00816255
0
-0.00796159
0
0
-0.00796159
0
-0.00796159
0
0
0
-0.00777028
0
-0.00777028
0
-0.00777028
0
0
0
-0.00758795
0
0
0
0
0
0
0
0
0
