0
0
0
0
0
0
-0.301497
-0.4
-0.4
-0.4
-0.307063
-0.4
-0.317565
-0.4
-0.320645
-0.4
-0.4
-0.4
-0.309495
-0.4
-0.318234
-0.4
-0.320859
-0.4
-0.321723
-0.4
-0.322015
-0.4
-0.322115
-0.4
-0.4
-0.4
-0.231228
-0.4
-0.4
-0.4
-0.127253
-0.00810981
-0.00479352
-0.00282356
-0.00165979
-0.123831
-0.000571749
-0.00033531
-0.123625
-0.000115253
-6.756e-05
-3.96008e-05
-2.32116e-05
-0.0894102
-3.98717e-06
-2.33696e-06
0.190103
0.190103
0.190104
0.190104
-1.07766e-07
-6.31635e-08
0.150593
0.150593
0.150593
0.150593
0.12468
0.12468
0.12468
-6.59781e-10
-3.86709e-10
-2.26657e-10
0.0509097
0.000938782
1.30258e-05
1.79886e-07
1.97528e-09
2.01027e-11
-3.92954e-12
-2.52017e-12
-1.48011e-12
0.0927572
-4.23742e-13
0.0927572
0.0927572
0.0927572
0.0927572
0.0927572
0.0927572
0.0822302
-5.05857e-15
0.0822302
0.0822302
0.0822302
0.0822302
-3.49903e-16
0.0738491
0.0738491
-6.16465e-17
-3.6132e-17
0.0738491
-1.24125e-17
-7.27519e-18
-3.79032e-18
-2.22157e-18
-1.3021e-18
-7.63183e-19
-4.47314e-19
0.0670185
-1.53667e-19
-9.00668e-20
-4.75107e-20
-2.78468e-20
-1.63215e-20
-9.56629e-21
0.0613444
-3.28633e-21
-1.92618e-21
-1.12896e-21
-6.61704e-22
-3.52578e-22
-2.06652e-22
-1.21122e-22
0.0565562
-4.16094e-23
-2.23556e-23
-1.3103e-23
-7.67989e-24
-4.50131e-24
-2.6383e-24
0.0524613
0.0524613
-4.90358e-25
0.0489193
0.0489193
0.0489193
0.0458254
-3.14955e-26
-1.84601e-26
0.0458254
-6.34164e-27
0.0458254
-2.03332e-27
0.0430996
0.0430996
0.0430996
0.0430996
-1.40646e-28
0.0406798
-4.52967e-29
0.0406798
-1.55609e-29
0.0406798
0.0406798
0.0406798
-1.83641e-30
0.0385173
0.0385173
-3.48012e-31
-2.03975e-31
0.0385173
-7.00723e-32
0.0365731
-2.27348e-32
-1.33252e-32
-7.81014e-33
0.0365731
0.0365731
-1.48981e-33
0.0348157
0.0348157
-2.99973e-34
0.0348157
0.0348157
0.0332195
0.0332195
0.0332195
0.0332195
0.0332195
0.0332195
0.0332195
0.0332195
0.0317632
-4.46093e-37
0.0317632
0.0317632
0.0317632
-5.02526e-38
-2.94539e-38
-1.72634e-38
0.0304293
-5.93055e-39
-3.47599e-39
-1.94876e-39
-1.1422e-39
-6.69462e-40
-3.92383e-40
-2.29983e-40
-1.34797e-40
-7.90066e-41
-4.63073e-41
-2.71417e-41
0.0280715
-8.93608e-42
0.0280715
-3.07024e-42
0.0280715
0.0280715
0.0270245
-3.47522e-43
0.0270245
-1.1911e-43
-7.00649e-44
-4.06377e-44
-2.38221e-44
-1.4013e-44
-8.40779e-45
0.0260528
-2.8026e-45
-1.4013e-45
0.0260528
0.0260528
-0
-0
-0
0
0.0251485
0
0
0
0
0
0.0243049
0.0243049
0
0.0243049
0
0.0235161
0.0235161
0.0235161
0.0227769
0
0
0
0
0
0
0
0
0
0
0
0
0
0
0
0
0.0214296
0
0.0214296
0.0214296
0
0
0.0214296
0
0
0.020814
0
0
0.020814
0
0
0
0
0
0
0
0
0
0
0
0
0
0
-0.0088313
0
0
0
0
0
-0.00859653
0
-0.00859653
0
-0.00837392
0
-0.00837392
0
0
-0.00837392
0
0
0.0181999
0.0181999
0
0
0.0181999
0.0181999
0
0
0
0
