0
0
0
0
0
0
-0.301497
-0.4
-0.31612
-0.4
-0.4
-0.313387
-0.4
-0.4
-0.4
-0.308462
-0.4
-0.317947
-0.4
-0.320767
-0.4
-0.321692
-0.4
-0.269609
-0.4
-0.151708
-0.0592264
-0.13393
-0.0225368
-0.127221
-0.00803948
-0.0047516
-0.0900111
-0.000824274
-0.000483533
-0.089529
-0.000166241
-9.74536e-05
-5.7125e-05
-3.34839e-05
-1.96261e-05
-1.15034e-05
-6.74244e-06
0.190101
-2.31627e-06
0.190103
-7.95719e-07
0.190104
-2.73356e-07
0.190104
0.150593
0.150593
-2.15067e-08
0.150593
0.150593
-4.33038e-09
-1.90358e-09
0.12468
-6.53942e-10
-3.83287e-10
-2.24651e-10
0.12468
0.106375
0.106375
0.106375
-1.24313e-11
-7.28622e-12
-4.27057e-12
0.106375
0.106375
0.0927572
0.0927572
-2.46164e-13
-1.44281e-13
0.0927572
0.0927572
-2.49009e-14
-1.45948e-14
-8.55427e-15
-5.0138e-15
0.0822302
-1.7224e-15
-8.83339e-16
-5.1774e-16
-3.03456e-16
-1.77861e-16
-1.04247e-16
-6.11009e-17
-3.58123e-17
-2.09902e-17
-1.23027e-17
0.0670185
0.0670185
-2.20191e-18
-1.29058e-18
-7.56428e-19
-4.43355e-19
-2.59858e-19
-1.37076e-19
-8.03427e-20
-4.70902e-20
-2.76004e-20
-1.6177e-20
0.0613444
-5.05213e-21
-2.96114e-21
-1.73557e-21
0.0565562
-5.4654e-22
0.0524613
-1.87754e-22
-1.10046e-22
-6.44998e-23
-3.48964e-23
-2.04533e-23
0.0489193
0.0489193
0.0489193
0.0489193
0.0458254
0.0458254
0.0458254
0.0458254
0.0458254
-9.087e-26
-5.32604e-26
-3.12168e-26
-1.70769e-26
0.0430996
0.0430996
-3.43844e-27
-2.01533e-27
-1.18122e-27
0.0430996
0.0406798
-2.22973e-28
-1.30688e-28
-7.65987e-29
0.0406798
0.0406798
-1.45159e-29
-8.50802e-30
0.0385173
0.0385173
0.0385173
0.0385173
0.0365731
-3.25769e-31
-1.90939e-31
-1.11912e-31
0.0365731
0.0365731
-2.25336e-32
-1.32073e-32
-7.3336e-33
-4.29834e-33
-2.51933e-33
-1.47662e-33
-8.65473e-34
-5.07268e-34
-2.97318e-34
0.0332195
-9.70316e-35
-5.68718e-35
-3.33335e-35
-1.95373e-35
-1.14512e-35
0.0317632
-3.74652e-36
-2.1959e-36
-1.28705e-36
0.0317632
0.0317632
-2.59149e-37
-1.44987e-37
0.0304293
0.0304293
-2.91932e-38
0.0304293
0.0292029
-5.62249e-39
0.0292029
0.0292029
-1.13209e-39
-6.63537e-40
0.0292029
-2.27946e-40
-1.28037e-40
-7.50437e-41
-4.39854e-41
-2.57797e-41
-1.51102e-41
-8.85621e-42
-4.98302e-42
-2.92031e-42
-1.71239e-42
-1.00333e-42
-5.88545e-43
-3.44719e-43
-2.01787e-43
-1.13505e-43
-6.72623e-44
-3.92364e-44
-2.24208e-44
-1.4013e-44
-8.40779e-45
-4.2039e-45
-2.8026e-45
-0.0113001
-1.4013e-45
-0
-0.0113001
-0
-0.0113001
0
-0.0109186
0
-0.0109186
0
0
0
0
-0.0109186
0
-0.010562
0
0
0
0.0235161
0
0
0
0.0235161
0.0235161
0.0235161
0.0235161
0
0.0235161
0
0.0235161
0
0.0227769
0
0.0227769
0
0.0227769
0
0
0
0
0
-0.00991434
0
0
-0.00991434
0
-0.00991434
0
-0.00961942
0
-0.00961942
0
0
0
0
-0.00961942
0.020814
0
0
-0.00934154
0
0
0
-0.00934154
0
-0.00907926
0
-0.00907926
0
0
0
0
