0
0
0
0
0
0
-0.301497
-0.4
-0.31612
-0.4
-0.4
-0.4
-0.308833
-0.4
-0.318049
-0.4
-0.3208
-0.4
-0.4
-0.4
-0.309518
-0.4
-0.318241
-0.4
-0.4
-0.4
-0.229158
-0.4
-0.133237
-0.0210557
-0.126971
-0.00749222
-0.12475
-0.00260586
-0.0897369
-0.000450028
-0.000263892
-0.000154714
-9.06948e-05
-5.31627e-05
-3.11613e-05
-1.82647e-05
0.0739026
-6.27472e-06
0.190101
-0.0700427
-8.42289e-07
-4.9368e-07
-2.89354e-07
-1.69595e-07
-9.94027e-08
0.150593
-3.41481e-08
-2.00148e-08
0.150593
-6.87573e-09
-4.02998e-09
-1.77153e-09
-1.03832e-09
-6.08578e-10
-3.56698e-10
-2.09066e-10
-1.22537e-10
0.106375
0.106375
0.106375
0.106375
-6.78077e-12
-3.97432e-12
0.106375
-1.36531e-12
-8.0023e-13
-3.90857e-13
0.0927572
0.0927572
0.0927572
0.0822302
-2.31735e-14
0.0326535
0.0824818
0.0822337
1.02807e-07
0.0822302
0.0738491
2.36498e-13
2.99054e-15
0.0738491
-8.56809e-17
-5.05366e-17
-2.96247e-17
-1.73636e-17
-1.01771e-17
0.0670185
0.0670185
0.0670185
0.0613444
0.0613444
-3.71339e-19
-2.17648e-19
0.0613444
-6.79721e-20
0.0565562
-2.14047e-20
0.0524613
-7.35323e-21
-4.30985e-21
-2.52608e-21
0.0524613
0.0489193
-4.69501e-22
-2.75182e-22
0.0489193
-9.45342e-23
0.0458254
-3.01559e-23
0.0458254
-1.03595e-23
-5.6671e-24
0.0430996
0.0430996
-1.14107e-24
0.0430996
0.0430996
0.0430996
0.0406798
0.0406798
0.0406798
-2.54199e-26
0.0406798
0.0406798
0.0385173
0.0385173
-1.65487e-27
0.0385173
0.0385173
0.0385173
0.0385173
0.0365731
-6.33644e-29
-3.71389e-29
-2.17678e-29
-1.27584e-29
-7.47794e-30
-4.38294e-30
-2.56892e-30
-1.42644e-30
-8.36059e-31
0.0134134
0.0349653
2.74243e-06
3.78763e-08
0.0348157
7.22473e-12
9.47921e-14
0.0332195
1.80811e-17
2.49719e-19
3.44889e-21
4.76328e-23
6.57859e-25
9.08572e-27
0.0332195
1.7329e-30
2.27096e-32
0.0317632
0.0317632
0.0317632
0.0317632
0.0304293
0.0304293
0.0304293
-1.14333e-36
-6.70122e-37
-3.9277e-37
-2.30209e-37
0.0304293
-7.56458e-38
-4.43373e-38
0.0292029
-1.52313e-38
-8.55535e-39
-5.01443e-39
-2.93904e-39
-1.72262e-39
0.0280715
-5.91777e-40
-3.46851e-40
-2.03295e-40
-1.19154e-40
-6.70451e-41
-3.92966e-41
-2.30317e-41
-1.35001e-41
-7.91173e-42
-4.6369e-42
-2.71852e-42
-1.59328e-42
-8.98232e-43
-5.26888e-43
-3.08286e-43
-1.80768e-43
-1.06499e-43
-6.16571e-44
-3.64338e-44
-2.10195e-44
-1.26117e-44
-7.00649e-45
-4.2039e-45
-2.8026e-45
0.0251485
-1.4013e-45
0.0251485
0.0251485
-0
0.0243049
0.0243049
0
0
0
0
0
0
0
0
0
0
0
0
0
0
0
-0.0102279
0
0
-0.0102279
0
-0.00991434
0
-0.00991434
0
0
0
-0.00991434
0
0
0
-0.00961942
0
0.0214296
0
0.0214296
0.0214296
0.0214296
0.0214296
0.0214296
0.0214296
0.020814
0.020814
0.020814
0.020814
0.020814
0
0
0
0
