0
0
0
0
0
0
-0.301497
-0.4
-0.31612
-0.4
-0.320191
-0.4
-0.321499
-0.4
-0.321939
-0.4
-0.322089
-0.4
-0.4
-0.4
-0.322158
-0.4
-0.4
-0.314762
-0.4
-0.319773
-0.4
-0.321361
-0.4
-0.4
-0.168097
-0.0909948
-0.140677
-0.0367475
-0.129697
-0.0134342
-0.0911466
-0.00237356
-0.00139461
-0.000818585
-0.000480193
-0.000281589
-0.000165092
-9.67798e-05
-5.673e-05
-3.32523e-05
0.0738987
-7.616e-06
-4.4639e-06
-2.61638e-06
-1.53351e-06
-8.98815e-07
-5.26811e-07
-2.3158e-07
-1.35733e-07
-7.95552e-08
-4.66286e-08
0.12468
-1.60185e-08
0.12468
0.12468
-3.22532e-09
-1.51233e-09
-8.86403e-10
-5.19536e-10
0.106375
-1.78478e-10
-1.04609e-10
-6.13129e-11
0.106375
0.106375
0.106375
-7.23582e-12
0.0927572
0.0927572
0.0927572
-7.11612e-13
0.0927572
0.0927572
0.0822302
0.0822302
0.0822302
0.0822302
0.0822302
-8.49511e-15
-4.97912e-15
-2.91835e-15
-1.71049e-15
0.0738491
0.0738491
0.0738491
-1.7663e-16
0.0738491
0.0738491
0.0670185
-1.85289e-17
-1.08601e-17
-6.36528e-18
-3.7308e-18
-2.18668e-18
-1.28165e-18
-6.76077e-19
0.0613444
-2.32255e-19
-1.36128e-19
-7.97871e-20
-4.67645e-20
-2.74095e-20
-1.46047e-20
-8.56004e-21
-5.01718e-21
0.0565562
-1.57994e-21
-9.26027e-22
-5.4276e-22
0.0524613
0.0524613
0.0524613
-6.40537e-23
0.0524613
-2.20045e-23
0.0489193
0.0489193
0.0489193
0.0489193
0.0489193
0.0489193
0.0489193
0.0458254
-1.53965e-25
0.0458254
-5.2892e-26
-3.10009e-26
-1.81701e-26
0.017778
0.000269126
3.72185e-06
5.14036e-08
7.09938e-10
9.15132e-12
1.26389e-13
0.0430996
0.0430996
0.0430996
0.0430996
0.0406798
0.0406798
1.13482e-26
0.0406798
0.0406798
0.0406798
-1.05903e-30
-5.84428e-31
-3.42546e-31
-2.00772e-31
0.0385173
0.0385173
-3.81796e-32
0.0365731
-1.31159e-32
-7.68748e-33
-4.50576e-33
-2.50191e-33
-1.46641e-33
-8.59486e-34
-5.03759e-34
-2.95262e-34
-1.73058e-34
0.0332195
-5.64785e-35
0.0332195
-1.94022e-35
-1.1372e-35
-6.66529e-36
-3.72061e-36
-2.18071e-36
-1.27815e-36
-7.49146e-37
-4.39087e-37
-2.57356e-37
0.0304293
0.0304293
0.0304293
-2.89913e-38
0.0116912
0.0305635
2.36847e-06
0.0292029
0.0292029
0.0292029
8.24279e-14
1.13842e-15
1.57227e-17
0.0292029
2.99903e-21
4.14198e-23
5.48216e-25
7.57143e-27
1.04569e-28
1.44421e-30
1.99461e-32
2.75477e-34
0.0270245
5.04435e-38
6.96343e-40
9.42093e-42
1.54143e-44
0.0260528
-3.92364e-44
-2.24208e-44
0.0260528
-7.00649e-45
-4.2039e-45
-2.8026e-45
-1.4013e-45
-1.4013e-45
-0
-0
0.0243049
0.0243049
0
0.0243049
0.0243049
0
0
0
0.0235161
0
0.0235161
0
0
0
0
0
0
0.0227769
0.0227769
0
0
0.0220827
0.0220827
0.0220827
0.0214296
0.0214296
0.0214296
0.0214296
0
0
0
0
0
0
0
0
0
0
-0.00934154
0
0
-0.00907926
0
0
-0.00907926
0
-0.00907926
0
0
0
0
-0.0088313
0
-0.0088313
0
0
0
-0.0088313
0
-0.00859653
0
0
0
0.0191626
0.0191626
0
0
