0
0
0
0
0
0
-0.301497
-0.4
-0.31612
-0.4
-0.320191
-0.4
-0.321499
-0.4
-0.321939
-0.4
-0.322089
-0.4
-0.4
-0.4
-0.322158
-0.4
-0.322164
-0.4
-0.322166
-0.4
-0.322167
-0.4
-0.322167
-0.239194
-0.186306
-0.135274
-0.09219
-0.14095
-0.0373162
-0.0945009
-0.00694639
-0.00410087
-0.00241383
-0.00141833
-0.000832528
0.189726
-0.000286392
0.0810402
0.190077
0.19006
0.190078
-1.98181e-05
-7.74594e-06
0.150589
0.150591
0.150592
0.150592
0.150592
0.150593
0.150593
0.12468
0.12468
0.12468
0.12468
-9.54894e-09
0.12468
0.106375
-1.53815e-09
-9.01533e-10
-5.28403e-10
-3.09706e-10
0.0927572
-8.86618e-11
-5.19662e-11
-3.04582e-11
-1.78521e-11
-1.04634e-11
-6.13277e-12
-3.59452e-12
-1.80584e-12
-1.05843e-12
-6.20364e-13
-3.63606e-13
-2.13115e-13
-1.2491e-13
-7.32121e-14
-4.29108e-14
-2.51508e-14
-1.28986e-14
-7.56009e-15
-4.4311e-15
0.0738491
0.0738491
0.0738491
0.0738491
-3.06501e-16
-1.59685e-16
0.0670185
0.0670185
0.0670185
0.0670185
0.0613444
0.0613444
0.0613444
0.0613444
0.0613444
0.0613444
0.0613444
0.0565562
0.0565562
0.0565562
-4.32388e-20
-2.5343e-20
-1.4854e-20
-8.70615e-21
-4.67759e-21
-2.74161e-21
-1.6069e-21
-9.41833e-22
-5.52024e-22
-3.23551e-22
-1.89638e-22
-1.1115e-22
-6.01357e-23
-3.52465e-23
-2.06586e-23
-1.21083e-23
-7.0969e-24
-4.15961e-24
-2.43802e-24
-1.42896e-24
-7.77714e-25
-4.55831e-25
-2.6717e-25
-1.56593e-25
-9.17818e-26
-5.37948e-26
-3.153e-26
-1.84803e-26
-1.08316e-26
-6.34858e-27
-3.47294e-27
0.0430996
-1.19307e-27
-6.55573e-28
0.0406798
0.0406798
0.0406798
-7.73673e-29
0.0406798
0.0406798
0.0406798
0.0406798
-5.03673e-30
-2.95211e-30
-1.73028e-30
-1.01415e-30
0.0148741
0.000221686
3.06506e-06
4.23324e-08
5.52174e-10
7.6261e-12
1.05325e-13
1.45464e-15
2.00901e-17
2.77466e-19
3.8321e-21
5.29253e-23
6.92483e-25
9.56391e-27
1.32087e-28
1.82409e-30
2.50919e-32
2.87505e-34
-3.06342e-35
-1.96703e-35
-1.15652e-35
-6.77905e-36
-3.97332e-36
0.0332195
0.0332195
0.0332195
0.0317632
0.0317632
0.0317632
0.0317632
0.0317632
0.0317632
0.0317632
0.0304293
-5.93704e-39
-3.4798e-39
-2.03957e-39
-1.19543e-39
-7.00659e-40
-4.10667e-40
-2.30235e-40
-1.34944e-40
-7.90935e-41
-4.63578e-41
-2.71712e-41
-1.59258e-41
-8.94449e-42
-5.24226e-42
-0.0126235
-1.80067e-42
-0.0126235
-6.19374e-43
-0.0121492
-2.0459e-43
-0.0121492
-7.00649e-44
-0.0121492
-2.38221e-44
-0.0117093
-8.40779e-45
-0.0117093
-2.8026e-45
-0.0117093
-1.4013e-45
-0.0113001
-0
-0.0113001
-0
-0.0113001
0
0
0
0
-0.0109186
0
0
0
0
0
0
0
0
0.00930248
0.000134654
0.0243065
0.024305
0.0243049
0.0243049
0.0243049
0.0243049
0.0235161
0.0235161
0.0235161
0.0235161
4.53696e-25
6.26601e-27
8.65403e-29
1.19521e-30
1.65071e-32
-0.0102279
3.0437e-36
4.20367e-38
-0.0297384
-0.0126093
-0.0359978
-0.0167595
-0.0380995
-0.0181648
-0.038816
-0.0186452
-0.0390614
-0.0188099
-0.0112437
