0
0
0
0
0
0
-0.301497
-0.4
-0.4
-0.310629
-0.4
-0.318555
-0.4
-0.4
-0.4
-0.4
-0.306151
-0.4
-0.4
-0.4
-0.307573
-0.4
-0.317703
-0.4
-0.320689
-0.4
-0.4
-0.314413
-0.4
-0.4
-0.242416
-0.4
-0.138512
-0.0322273
-0.0195406
-0.0116894
-0.125424
-0.00409423
0.256308
0.256893
-0.000831169
-0.089512
0.189993
-8.38348e-05
-4.91412e-05
-2.88039e-05
-1.6883e-05
-9.89557e-06
-5.80002e-06
0.0739058
0.150592
0.150592
0.150593
0.150593
0.150593
-9.18825e-08
-4.03904e-08
0.12468
0.12468
0.12468
0.12468
-2.79382e-09
-1.31e-09
-7.67815e-10
0.106375
-2.6377e-10
-1.546e-10
-9.06135e-11
0.0927572
-2.59406e-11
-1.52042e-11
-8.91144e-12
-5.22314e-12
0.0822302
-1.53799e-12
-9.01441e-13
-5.2835e-13
-3.09675e-13
-1.58817e-13
-9.30854e-14
-5.45589e-14
-3.19779e-14
-1.87428e-14
-1.09855e-14
0.0738491
0.0738491
0.0738491
0.0738491
0.0670185
0.0670185
0.0670185
0.0670185
-7.97117e-17
-4.67204e-17
0.0670185
0.0613444
0.0613444
0.0613444
-2.9085e-18
0.0613444
0.0613444
-5.32389e-19
-3.12042e-19
-1.82893e-19
0.0565562
-6.28297e-20
-3.68255e-20
-2.15841e-20
-1.26508e-20
-7.41483e-21
-4.34596e-21
0.0524613
0.0524613
-8.02138e-22
-4.70146e-22
0.0524613
0.0489193
-8.73822e-23
-5.12162e-23
0.0489193
-1.75944e-23
-1.03124e-23
-6.04427e-24
-3.54264e-24
-2.0764e-24
-1.13008e-24
-6.62362e-25
-3.88221e-25
-0.0207067
-1.33367e-25
-7.81684e-26
-4.58158e-26
-2.68534e-26
-1.57392e-26
-8.61003e-27
-5.04648e-27
0.0430996
-1.73363e-27
0.0166918
0.0432754
0.043102
0.0430996
6.21196e-10
8.57937e-12
0.0406798
1.63647e-15
2.26014e-17
0.0406798
0.0406798
0.0385173
0.0385173
0.0385173
1.47121e-28
0.0385173
0.0385173
0.0385173
-5.64201e-32
0.0365731
0.0365731
0.0365731
-6.659e-33
-3.90295e-33
0.0365731
0.0348157
-7.44499e-34
-4.36364e-34
-2.5576e-34
-1.49905e-34
0.0348157
-5.14973e-35
-3.01834e-35
-1.68065e-35
-9.85055e-36
-5.77357e-36
-3.38399e-36
-1.98341e-36
-1.16251e-36
-6.81367e-37
-3.9936e-37
-0.0149594
-1.37193e-37
-7.65822e-38
-4.48861e-38
-2.63085e-38
-1.54199e-38
-9.03783e-39
-5.29722e-39
-0.0142979
0.0304293
-1.01812e-39
-5.96735e-40
-3.49756e-40
-2.04997e-40
-1.20153e-40
-7.04237e-41
-4.12766e-41
-2.41934e-41
0.0292029
-7.94957e-42
-4.65932e-42
-2.73113e-42
0.0292029
-9.3887e-43
-5.26888e-43
-3.08286e-43
-1.80768e-43
0.0280715
-6.16571e-44
-3.50325e-44
0.0270245
-1.26117e-44
0.0270245
-4.2039e-45
-2.8026e-45
-1.4013e-45
-1.4013e-45
0.0260528
0.0260528
-0
-0
0
-0.0117093
0
-0.0113001
0
0
0
0
0
-0.0113001
0
0
0.0243049
0
0
0
0
0.0243049
0
0.0243049
0.0243049
0.0235161
0.0235161
0.0235161
0.0235161
0
0.0227769
0
0
0
0
0
0
0
0
0
0
0
-0.00961942
0
-0.00961942
0
-0.00961942
0
-0.00934154
0
-0.00934154
0
0
0.020814
0
0.020814
0.020814
0.020814
