0
0
0
0
0
0
-0.301497
-0.4
-0.31612
-0.4
-0.320191
-0.4
-0.321499
-0.4
-0.321939
-0.4
-0.322089
-0.4
-0.4
-0.4
-0.322158
-0.4
-0.322164
-0.4
-0.322166
-0.4
-0.322167
-0.4
-0.322167
-0.239194
-0.286937
-0.239194
-0.192653
-0.135274
-0.0921901
-0.059732
-0.13403
-0.0227501
-0.0924131
-0.00410088
-0.0904465
-0.00141833
-0.000832529
-0.00048838
-0.000286392
-0.000167909
0.0623746
-3.84673e-05
-2.25472e-05
-1.32156e-05
-7.74599e-06
-0.0700444
-2.66104e-06
-1.55968e-06
-9.14157e-07
-0.0700422
-3.14043e-07
-1.3805e-07
-8.09132e-08
-4.74246e-08
-2.77963e-08
-1.62919e-08
-9.54895e-09
-5.5968e-09
-3.28038e-09
0.0509097
0.106634
1.04203e-05
0.106375
0.106375
-7.89403e-11
-6.19803e-11
0.106375
0.106375
0.106375
-6.13278e-12
0.0927572
-2.10681e-12
-1.23484e-12
-6.20365e-13
-3.63606e-13
0.0822302
0.0822302
-7.32122e-14
-4.29109e-14
0.0822302
-1.28986e-14
0.0738491
0.0738491
-2.59714e-15
-1.52223e-15
-8.92204e-16
0.0738491
0.0670185
0.0670185
0.0670185
-5.4857e-17
0.0670185
0.0670185
-1.10455e-17
0.0613444
0.0613444
0.0613444
-1.17317e-18
0.0613444
0.0613444
-2.36219e-19
0.0565562
0.0565562
-4.32389e-20
-2.5343e-20
-1.4854e-20
-7.98065e-21
0.0524613
-2.74161e-21
-1.60691e-21
-9.41834e-22
0.0524613
-3.23551e-22
0.0524613
-1.1115e-22
-6.01358e-23
0.0489193
-2.06586e-23
0.0489193
0.0489193
0.0489193
-2.43802e-24
-1.3269e-24
-7.77715e-25
0.0458254
-2.67171e-25
0.0430996
0.0430996
0.0430996
0.0430996
-1.72483e-26
-1.01095e-26
-5.92535e-27
0.0406798
-1.90833e-27
0.0406798
0.0406798
0.0406798
0.0406798
-1.24235e-28
0.0385173
0.0385173
0.0385173
0.0385173
0.0365731
0.0365731
0.0365731
0.0365731
0.0365731
0.0348157
0.0348157
0.0348157
-1.07086e-31
0.0348157
0.0348157
-2.04837e-32
0.0332195
-7.03683e-33
-4.12441e-33
-2.41738e-33
-1.41687e-33
0.0332195
-4.86741e-34
0.0317632
0.0317632
0.0317632
0.0317632
0.0317632
0.0317632
0.0317632
0.0317632
0.0304293
0.0304293
0.0304293
0.0304293
-4.26283e-37
-2.49852e-37
-1.46442e-37
0.0304293
-5.03077e-38
-2.82042e-38
0.0292029
-9.68905e-39
0.0292029
-3.32851e-39
-1.95089e-39
-1.14345e-39
0.0292029
0.0292029
0.0280715
-1.29322e-40
-7.57976e-41
-4.44268e-41
-2.60389e-41
-1.52615e-41
0.0280715
0.0280715
0.0270245
-1.7292e-42
-1.01314e-42
-5.94151e-43
-3.47522e-43
-2.0459e-43
-1.1911e-43
-6.72623e-44
0.0260528
0.0260528
-1.4013e-44
0.0260528
0.0260528
-2.8026e-45
0.0251485
-1.4013e-45
0.0251485
-0
-0
-0
0
0
0
0
0
0.0243049
0
0
0
0
0
0
0
0
0
0
0
0
0
0
-0.0102279
0
0
0
0
0
0
-0.00991434
0
0
0
0
0
0
0
0
0
0
0
0
0
0
0
0
0
0
0.020814
0
0.020814
0
0
0
0
0
0
0
0
0
0
0.0196831
0
0
0
0
0.0191626
0
0
0
0
0
0
0
0
0.0186688
0
0
0
0
0
0.0181999
0
0
0.0181999
0.017754
0.017754
0.017754
0.017754
0
