0
0
0
0
0
0
-0.301497
-0.4
-0.4
-0.310629
-0.4
-0.318555
-0.4
-0.320963
-0.4
-0.321757
-0.4
-0.4
-0.314666
-0.4
-0.319743
-0.4
-0.321351
-0.4
-0.4
-0.4
-0.309604
-0.4
-0.318265
-0.4
-0.4
-0.313857
-0.4
-0.319499
-0.4
-0.321271
-0.4
-0.321861
-0.4
-0.4
-0.4
-0.151798
-0.0594064
-0.133966
-0.0226127
-0.127234
-0.0080676
-0.00476836
-0.0900133
-0.000827211
-0.000485257
-0.0895295
-0.000166835
-9.78015e-05
-5.73289e-05
-3.36034e-05
-1.96962e-05
-1.15445e-05
-6.76651e-06
-3.96599e-06
0.150592
-9.08306e-07
-5.32374e-07
-3.12033e-07
-1.82888e-07
-1.07194e-07
-6.2828e-08
-2.76184e-08
-1.61876e-08
-9.48783e-09
-5.56097e-09
-3.25938e-09
-1.91038e-09
-1.1197e-09
-6.56277e-10
-3.84655e-10
0.106375
0.106375
-6.19603e-11
-3.6316e-11
-2.12854e-11
0.0927572
0.0927572
0.0927572
-2.09332e-12
-1.22693e-12
0.0927572
-4.21492e-13
0.0927572
-1.44796e-13
0.0326535
0.000537528
7.44356e-06
1.02807e-07
1.41987e-09
1.9605e-11
2.67885e-13
2.01196e-15
-9.61473e-16
0.0326535
0.0740912
0.0738525
0.0738492
0.0738491
0.0738491
2.36959e-13
2.89831e-15
0.0670185
0.0670185
0.0670185
0.0670185
-7.59127e-19
0.0613444
-2.34707e-19
-1.37566e-19
-8.06295e-20
0.0613444
-2.76989e-20
0.0240347
0.0615655
0.0613475
0.0565562
0.0565562
1.24791e-11
1.72349e-13
0.0565562
0.0565562
0.0524613
0.0524613
0.0524613
0.0524613
0.0524613
0.0489193
0.0489193
0.0489193
0.0489193
0.0489193
0.0458254
0.0458254
0.0458254
0.0458254
0.0458254
0.0430996
0.0430996
0.0430996
-5.88742e-27
0.0430996
0.0430996
0.0406798
0.0406798
0.0406798
-2.23769e-28
-1.31155e-28
-7.68721e-29
0.0406798
0.0385173
0.0385173
0.0385173
0.0385173
0.0365731
0.0365731
0.0365731
0.0365731
0.0365731
0.0348157
0.0348157
0.0348157
0.0348157
0.0348157
0.0332195
0.0332195
-4.098e-33
0.0332195
0.0332195
0.0332195
0.0317632
0.0317632
0.0317632
0.0317632
0.0317632
0.0304293
0.0304293
0.0304293
0.0304293
0.0304293
0.0292029
0.0292029
0.0292029
0.0292029
0.0292029
0.0280715
0.0280715
-4.58202e-38
0.0280715
0.0280715
0.0280715
0.0270245
0.0270245
0.0270245
0.0270245
0.0270245
0.0260528
0.0260528
0.0260528
0.0260528
0.0260528
0.0251485
0.0251485
0.0251485
0.0251485
0.0251485
0.0243049
0.0243049
0.0243049
0.0243049
0.0243049
0.0243049
0.0235161
-3.50325e-44
0.0235161
0.0235161
0.0235161
0.0227769
0.0227769
0.0227769
0.0227769
0.0227769
0.0220827
0.0220827
0.0220827
0.0220827
0.0220827
0.0214296
0.0214296
0.0214296
0.0214296
0.020814
0.020814
0.020814
0
0.020814
0.020814
0
0.020814
0.0202328
0.0202328
0.0202328
0.0202328
0
0
0
0.0202328
0.0196831
0
0.0196831
0
0.0196831
0
0
0
0
0
0.0191626
0
0.0191626
0.0191626
0
0
0.0186688
0.0186688
0.0186688
0
0
0
0.0181999
0.0181999
0.0181999
0.017754
0.017754
0
0.017754
0
0.017754
0.0173293
0.0173293
0.0173293
0.0173293
0
0.0173293
0
0
0
0
0
0
0.0169246
0
0
0
0
0
0
0.0161692
0
0
0
0
0
0
0
0
0
0
0
0
0
0
0
0
0
0
0
0
0
0
0
0
0
0
0
0
0
0
0
0
0
0
0
0
0
0
0
0
0
-0.00651743
0
0
0
0
0
0
0
0
0
0.0142599
0
0
0.00542382
7.6967e-05
0.0142608
1.46867e-08
2.02839e-10
0.0139846
3.79168e-14
5.23671e-16
7.23245e-18
9.98877e-20
0.0137198
1.86795e-23
2.57984e-25
3.56303e-27
4.92091e-29
6.7963e-31
9.3864e-33
