0
0
0
0
0
0
-0.301497
-0.4
-0.31612
-0.4
-0.4
-0.4
-0.308833
-0.4
-0.318049
-0.4
-0.3208
-0.4
-0.321703
-0.4
-0.322008
-0.4
-0.322112
-0.4
-0.4
-0.135171
-0.0921089
-0.0596738
-0.0372775
-0.129793
-0.0136406
-0.125742
-0.00479328
-0.0900165
-0.000831578
-0.0896168
-0.000286065
-0.0894793
-9.83188e-05
-0.0700625
-2.25214e-05
-0.070049
-7.73713e-06
-0.0700444
-2.65799e-06
-0.0575727
-6.84834e-07
-0.0575723
-2.35263e-07
-0.0575721
-8.08206e-08
-0.0488712
-2.22116e-08
-0.0488712
-7.63042e-09
-4.47232e-09
-2.6213e-09
-0.0488712
-9.00502e-10
-5.27799e-10
-3.09352e-10
-1.81316e-10
-1.06273e-10
-6.22881e-11
-0.042455
-1.78317e-11
-1.04514e-11
-6.12576e-12
-3.59041e-12
-0.042455
-1.23342e-12
-7.22931e-13
-4.23722e-13
0.0370866
0.038763
7.44356e-06
-0.037528
1.41985e-09
1.95953e-11
2.62204e-13
0.035105
0.0738491
-1.51986e-15
0.0291671
0.0740912
0.0738525
0.0738492
0.0738491
0.0738491
2.36944e-13
0.0670185
0.0670185
-5.91159e-18
-3.78247e-18
0.0263533
0.0672501
0.0670217
0.0613445
0.0613444
1.3727e-11
1.89584e-13
0.0613444
3.61344e-17
4.83118e-19
0.0613444
-5.51142e-21
0.0613444
0.0565562
0.0565562
0.0565562
0.0565562
-2.06642e-22
0.0565562
0.0565562
0.0565562
-2.43868e-23
-1.42935e-23
-8.37766e-24
0.0565562
-2.878e-24
0.0524613
0.0524613
0.0524613
0.0524613
0.0489193
0.0489193
0.0489193
0.0489193
0.0489193
0.0489193
0.0489193
-4.00266e-27
0.0458254
-1.27683e-27
-7.4837e-28
0.0458254
-2.5709e-28
-1.40639e-28
-8.24308e-29
-4.83141e-29
-2.83177e-29
0.0430996
0.0430996
-5.70177e-30
-3.3419e-30
-1.95875e-30
0.0406798
0.0406798
0.0406798
-2.16713e-31
0.0406798
-7.44481e-32
0.0385173
-2.40709e-32
0.0385173
0.0385173
-4.84669e-33
0.0385173
0.0385173
-9.75882e-34
0.0365731
-3.16623e-34
0.0365731
-1.0877e-34
0.014106
0.000209383
0.0141085
0.0367286
2.89534e-06
3.99882e-08
0.0348157
7.22611e-12
0.0348157
1.37835e-15
1.90364e-17
0.0348157
3.6311e-21
0.0134134
0.0349653
2.74243e-06
0.0332195
4.96957e-10
6.86349e-12
9.47921e-14
0.0332195
1.80811e-17
2.37828e-19
3.28466e-21
4.53645e-23
0.0317632
0.0317632
0.0317632
0.0317632
0.0317632
0.0304293
0.0304293
0.0304293
7.90537e-40
1.02603e-41
-2.43826e-43
0.0304293
-1.30321e-43
-7.56701e-44
-4.48416e-44
-2.66247e-44
-1.54143e-44
-8.40779e-45
-5.60519e-45
-2.8026e-45
-1.4013e-45
-1.4013e-45
-0
-0
-0
-0
0
0
0.0270245
0
0
0.0270245
0
0.0103609
0.0001508
2.08425e-06
2.76789e-08
3.82274e-10
5.27961e-12
7.2917e-14
1.00706e-15
1.39086e-17
1.92092e-19
2.65299e-21
3.52835e-23
4.87303e-25
6.73016e-27
9.29506e-29
1.28375e-30
1.77299e-32
2.36123e-34
3.26111e-36
0.00930248
0.000134654
1.86094e-06
2.57018e-08
3.54969e-10
4.9025e-12
6.77086e-14
9.35127e-16
0.00930248
0.024416
0.0243065
2.57018e-08
3.42729e-10
4.73344e-12
6.53739e-14
0.00899613
0.000130013
1.79677e-06
2.48155e-08
3.42729e-10
4.73344e-12
0.0227769
0.0227769
1.20541e-17
0.0227769
0.0227769
0.0227769
4.38572e-25
0.0220827
8.0957e-29
0.0220827
