0
0
0
0
0
0
-0.301497
-0.4
-0.4
-0.4
-0.307063
-0.4
-0.4
-0.4
-0.307679
-0.4
-0.317732
-0.4
-0.320698
-0.4
-0.4
-0.314415
-0.4
-0.4
-0.4
-0.308599
-0.4
-0.317985
-0.4
-0.266149
-0.4
-0.149816
-0.0554364
-0.133188
-0.0209503
-0.0125514
0.25331
-0.00440251
-0.00259219
-0.00152341
0.257199
-0.000524654
-0.000307675
-0.000180391
-0.00010575
-6.19886e-05
-1.81683e-05
0.0811526
0.190148
2.2392e-05
-1.78438e-06
-1.25179e-06
-7.3654e-07
0.190104
0.190104
-9.88777e-08
0.150593
-3.39677e-08
-1.9909e-08
0.150593
0.150593
0.150593
0.12468
0.12468
-6.05364e-10
0.0509097
0.000938782
1.30257e-05
1.79841e-07
0.12468
9.77486e-12
-1.11287e-11
0.106375
-3.95326e-12
-2.31711e-12
-1.3581e-12
-6.63337e-13
-3.88793e-13
-2.27878e-13
-1.33563e-13
-7.82835e-14
-4.58833e-14
-2.68929e-14
-1.57624e-14
0.0822302
0.0822302
-2.72037e-15
-1.59445e-15
-9.34536e-16
0.0822302
0.0822302
0.0822302
-9.65029e-17
0.0738491
0.0738491
0.0738491
-1.13888e-17
-6.67515e-18
-3.91241e-18
0.0738491
-1.1947e-18
-7.00236e-19
0.0263533
0.0672501
0.0670217
0.0613445
0.0613444
1.3727e-11
1.89584e-13
0.0613444
0.0613444
4.96424e-19
5.13047e-21
-9.40582e-22
-6.05812e-22
-3.5583e-22
-1.89607e-22
-1.11132e-22
0.0565562
0.0565562
-2.05118e-23
-1.20223e-23
-7.04647e-24
-4.13005e-24
-2.42069e-24
-1.41881e-24
-8.31587e-25
-4.87407e-25
0.0489193
-1.5456e-25
0.0489193
-5.30965e-26
0.0489193
0.0489193
0.0458254
-5.81859e-27
0.0458254
-1.99888e-27
0.0458254
0.0458254
0.0430996
0.0430996
0.0430996
0.0430996
-4.43314e-29
-2.59833e-29
-1.52293e-29
0.0406798
0.0406798
-2.87477e-30
-1.68495e-30
-9.87577e-31
-5.78835e-31
-3.19308e-31
-1.87152e-31
-1.09693e-31
-6.42928e-32
0.0385173
0.0365731
-1.22262e-32
-7.16597e-33
-4.20009e-33
-2.46175e-33
0.0365731
-8.4569e-34
0.0348157
-2.75232e-34
0.0348157
0.0348157
0.0348157
-3.24814e-35
0.0332195
-1.06005e-35
-6.21313e-36
-3.64162e-36
0.0332195
0.0332195
-7.33241e-37
-4.29765e-37
-2.39898e-37
-1.40608e-37
-8.24126e-38
-4.83034e-38
-2.83114e-38
-1.58395e-38
-9.28382e-39
-5.4414e-39
-3.1893e-39
-1.8693e-39
-1.09563e-39
-0.0136925
-3.76385e-40
-2.20605e-40
-1.29301e-40
-7.24906e-41
-4.24874e-41
-2.49025e-41
0.0292029
-8.55493e-42
0.0292029
-2.93852e-42
-1.65073e-42
-9.66896e-43
0.0107694
0.028197
0.0280732
0.0270245
3.97565e-10
5.4908e-12
7.58337e-14
1.04734e-15
1.44649e-17
0.0270245
2.65299e-21
3.66406e-23
5.06045e-25
6.98902e-27
9.65257e-29
0.0260528
0.0260528
2.44868e-34
0.0251485
4.67074e-38
0.0251485
0.0251485
0.0243049
0.0243049
0.0243049
0.0243049
0.0243049
0
0
0
0
0
0
0
0
0
0
0
0
0
0
0
0
0
-0.00991434
0
-0.00991434
0
0
0
-0.00991434
0
0
0
-0.00961942
0
-0.00961942
0
-0.00961942
0
-0.00934154
0
0
0
0
0
0.020814
0
0
0.020814
0
0
0
0
0.020814
0.020814
0
0.0202328
0
0
0
0
0
0
0
0
0.0196831
0
0
0
