0
0
0
0
0
0
0
0
-0.301497
-0.4
-0.31612
-0.4
-0.320191
-0.4
-0.321499
-0.4
-0.269426
-0.4
-0.4
-0.306431
-0.4
-0.317394
-0.4
-0.320591
-0.4
-0.321633
-0.4
-0.4
-0.4
-0.4
-0.140768
-0.0369382
-0.129732
-0.0135084
-0.12572
-0.00474579
-0.00279531
-0.00164313
-0.000964707
-0.000565996
-0.000331934
-0.000194619
-0.000114092
-0.0894216
-1.96019e-05
-0.0894122
-6.73409e-06
0.190101
-2.31341e-06
-9.03954e-07
-5.29823e-07
-3.10538e-07
0.150593
-1.0668e-07
0.150593
0.150593
0.150593
-1.25898e-08
-5.53433e-09
0.12468
-1.90123e-09
-1.11434e-09
-6.53133e-10
-3.82812e-10
-2.24373e-10
-1.31509e-10
-6.16635e-11
-3.6142e-11
-2.11834e-11
-1.2416e-11
-7.2772e-12
-4.26529e-12
-2.49996e-12
-1.22106e-12
-7.15681e-13
0.0927572
0.0927572
-1.44103e-13
0.0927572
0.0822302
-2.48701e-14
0.0326535
0.0824818
0.0822337
0.0822303
1.41987e-09
0.0822302
0.0738491
0.0738491
-1.32438e-16
0.0738491
0.0738491
-3.57678e-17
-2.09642e-17
-1.22875e-17
0.0670185
0.0670185
0.0670185
0.0613444
-6.79943e-19
0.0240347
0.000376574
0.0613475
0.0613445
9.93913e-10
0.0613444
1.89584e-13
2.61835e-15
3.61567e-17
4.96186e-19
0.0565562
-9.29384e-22
0.0565562
0.0565562
0.0565562
-1.19902e-22
0.0565562
0.0565562
-2.41422e-23
0.0220911
0.0567671
4.73688e-06
6.54228e-08
8.28261e-10
0.0524613
1.57987e-13
2.18196e-15
0.0524613
0.0524613
0.0489193
7.32476e-23
0.0489193
0.0489193
-6.09847e-27
-3.67701e-27
-2.15657e-27
-1.26402e-27
-7.40865e-28
-4.34234e-28
-2.54512e-28
-1.49173e-28
-8.74331e-29
-4.78296e-29
-2.80337e-29
0.0430996
-9.6305e-30
-5.64459e-30
-3.30839e-30
0.0406798
-1.06551e-30
-6.24511e-31
-3.66036e-31
-2.1454e-31
-1.25746e-31
0.0385173
-4.06567e-32
0.0385173
-1.39669e-32
0.0385173
-4.53153e-33
-2.656e-33
0.0365731
-9.12424e-34
0.0348157
-2.9695e-34
0.0348157
-1.02012e-34
-5.9791e-35
-3.50445e-35
-1.95132e-35
-1.1437e-35
0.0332195
0.0332195
-2.30284e-36
-1.34973e-36
-7.5343e-37
0.0317632
0.0317632
0.0317632
-8.89159e-38
0.0304293
-2.91571e-38
-1.70894e-38
0.0304293
-5.87079e-39
0.0304293
0.0304293
0.0292029
-6.62716e-40
0.0112114
0.000163902
0.0112134
0.0293327
2.26592e-06
2.99912e-08
4.1421e-10
5.72067e-12
7.90085e-14
1.09119e-15
0.0280715
1.99814e-19
2.75964e-21
3.81135e-23
5.26387e-25
7.26996e-27
1.00406e-28
1.38671e-30
1.91519e-32
2.64508e-34
3.51263e-36
4.85131e-38
6.70015e-40
0.0260528
1.21913e-43
0.0251485
-0
-0
-0
0
0.00963042
0.000139637
0.00963217
0.025263
1.8613e-06
2.57067e-08
0.0243049
0.0243049
6.77216e-14
9.35306e-16
1.29176e-17
1.78405e-19
2.46396e-21
3.40299e-23
4.69989e-25
6.49104e-27
8.65568e-29
1.19544e-30
1.65103e-32
2.28024e-34
3.14926e-36
4.34945e-38
6.00706e-40
8.29569e-42
1.10703e-43
1.4013e-45
0
0
0
0
0
0
0
0
0
0
0
0
0
0
0
0
0
0
0
0
0
0
0
0
