0
0
0
0
0
0
-0.301497
-0.4
-0.31612
-0.4
-0.320191
-0.4
-0.4
-0.314296
-0.4
-0.319631
-0.4
-0.321314
-0.4
-0.4
-0.31456
-0.4
-0.4
-0.313057
-0.4
-0.4
-0.2415
-0.4
-0.4
-0.4
-0.128752
-0.0113799
-0.00674945
-0.124631
-0.00234463
-0.00137757
-0.123787
-0.000474312
0.189996
0.190041
0.190067
0.190082
0.190091
0.150587
0.15059
0.150591
0.150592
0.150592
0.150593
0.150593
0.150593
0.12468
0.12468
0.12468
0.12468
-7.91103e-09
0.12468
0.106375
0.106375
-7.46894e-10
0.106375
0.106375
0.106375
0.0927572
0.0927572
0.0927572
0.0927572
-8.66863e-12
0.0927572
-2.97796e-12
-1.49608e-12
-8.7688e-13
-5.13954e-13
-3.01237e-13
-1.7656e-13
-1.03485e-13
-6.06541e-14
0.0822302
0.0738491
-1.06861e-14
-6.26332e-15
-3.67104e-15
-2.15166e-15
0.0738491
0.0738491
0.0738491
0.0670185
0.0670185
-7.75398e-17
0.0670185
0.0613444
-1.40514e-17
-8.23576e-18
0.0613444
-2.82925e-18
-1.65827e-18
0.0613444
-5.69671e-19
0.0240347
0.000342398
4.73688e-06
6.54228e-08
0.0565562
0.0565562
1.72349e-13
0.0565562
0.0565562
0.0524613
0.0524613
-7.00894e-22
-4.5624e-22
-2.68037e-22
0.0489193
-8.50014e-23
-4.98207e-23
0.0489193
0.0489193
0.0489193
-5.87958e-24
-3.19997e-24
-1.87555e-24
0.0458254
0.0458254
0.0458254
0.0458254
0.0430996
-7.09694e-26
-4.15963e-26
-2.43803e-26
0.0430996
-8.37543e-27
0.0430996
0.0430996
-1.581e-27
-9.26648e-28
-5.43124e-28
-3.18334e-28
-1.86581e-28
-1.09358e-28
-6.40966e-29
-3.75681e-29
-2.20193e-29
-1.29059e-29
0.0385173
-4.17279e-30
-2.44574e-30
-1.43349e-30
0.0385173
-4.92451e-31
-2.72598e-31
-1.59774e-31
-9.36465e-32
0.0365731
-3.21706e-32
-1.88557e-32
0.0348157
-6.13664e-33
-3.59679e-33
-2.10814e-33
-1.23561e-33
0.0332195
-3.84048e-34
0.0317632
0.0317632
0.0317632
-4.53233e-35
0.0317632
0.0304293
0.0304293
0.0304293
-2.99253e-36
0.0304293
0.0304293
-6.02547e-37
0.0292029
-1.97995e-37
-1.16048e-37
-6.80177e-38
-3.98663e-38
-2.33663e-38
-1.36954e-38
-8.0271e-39
-4.50878e-39
-2.64267e-39
-1.54891e-39
-9.07844e-40
-5.32102e-40
-3.11874e-40
-1.82795e-40
-1.07139e-40
-6.27964e-41
-3.53337e-41
-2.07098e-41
-1.2138e-41
-7.11439e-42
-4.17026e-42
-2.44386e-42
-1.43213e-42
-8.39378e-43
-4.91856e-43
-2.88667e-43
-1.62551e-43
-9.52883e-44
-5.60519e-44
-3.22299e-44
-1.96182e-44
-1.12104e-44
-7.00649e-45
-4.2039e-45
-2.8026e-45
-1.4013e-45
-1.4013e-45
-0
-0
-0
0.0251485
0
0.0251485
0.0251485
0
0.0243049
0
0
0.0243049
0
0
0
0
0.0235161
0
0.0227769
0
0
0
0
0.0227769
0
0.0220827
0.0220827
0
0
0
0
0
0
0
0
0
0
0
-0.00934154
0
-0.00934154
0
-0.00934154
0
-0.00907926
0
-0.00907926
0
-0.00907926
0
-0.0088313
0
-0.0088313
0
0
0
0
0
0
