0
0
0
0
0
0
-0.301497
-0.4
-0.4
-0.4
-0.307063
-0.4
-0.4
-0.311596
-0.4
-0.318833
-0.4
-0.321053
-0.4
-0.321788
-0.4
-0.322037
-0.4
-0.322122
-0.4
-0.322152
-0.4
-0.322162
-0.4
-0.4
-0.4
-0.4
-0.4
-0.30449
-0.4
-0.254633
-0.4
-0.4
-0.4
-0.130946
-0.016135
-0.126151
-0.00569367
-0.00335693
0.256564
0.257043
-0.00068048
-0.089493
-0.000117048
-0.0894367
-4.02177e-05
-2.35732e-05
0.190093
-8.09849e-06
-4.7467e-06
0.0624091
-1.08711e-06
-6.37173e-07
-3.73458e-07
0.150593
-1.28295e-07
0.150593
-4.40736e-08
0.150593
-1.51407e-08
-8.87423e-09
-5.20133e-09
-3.04859e-09
0.150593
0.12468
0.12468
-2.69834e-10
0.12468
-9.26968e-11
0.0509097
0.000938782
1.30259e-05
1.43921e-07
1.9827e-09
2.44475e-11
-1.38298e-12
0.106375
-6.05284e-13
-3.54809e-13
-1.733e-13
0.0927572
-5.95342e-14
-3.4894e-14
0.0927572
-1.19872e-14
-7.02591e-15
-4.118e-15
-2.06883e-15
-1.21257e-15
0.0822302
-4.16559e-16
-2.44152e-16
0.0822302
-7.33899e-17
0.0738491
-2.52118e-17
0.0738491
0.0738491
0.0738491
0.0670185
-1.55015e-18
-9.08566e-19
-5.32526e-19
-3.12122e-19
-1.8294e-19
-1.07224e-19
0.0613444
-3.31515e-20
-1.94307e-20
-1.13886e-20
0.0613444
-3.91237e-21
0.0565562
-1.22184e-21
0.0565562
0.0565562
0.0565562
0.0565562
-7.74724e-23
0.0524613
0.0524613
-1.55991e-23
0.0524613
-4.94658e-24
0.0489193
0.0489193
0.0489193
0.0489193
0.0458254
0.0458254
0.0458254
-6.39725e-26
0.0458254
-2.19766e-26
0.0458254
-7.04638e-27
-4.13e-27
0.0430996
0.0430996
-8.31577e-28
-4.87401e-28
0.0430996
0.0430996
-9.81384e-29
0.0406798
0.0406798
0.0406798
0.0406798
0.0406798
0.0385173
0.0385173
-1.20602e-30
0.0385173
0.0385173
0.0385173
0.0365731
0.0365731
0.0365731
0.0365731
0.0365731
0.0348157
0.0348157
0.0348157
0.0348157
0.0348157
0.0348157
0.0348157
0.0332195
0.0332195
-6.83103e-35
-4.00378e-35
-2.34668e-35
-1.30993e-35
-7.67773e-36
0.0317632
-2.63755e-36
-1.54591e-36
-9.06086e-37
-5.31072e-37
-3.1127e-37
-1.82441e-37
-1.06931e-37
-5.98255e-38
-3.50647e-38
0.0304293
0.0304293
0.0304293
-4.13815e-39
-2.42544e-39
-1.35978e-39
0.0292029
0.0292029
-2.73793e-40
-1.60474e-40
-9.40566e-41
0.0280715
-3.09659e-41
-1.81496e-41
-1.06373e-41
-6.23438e-42
-3.65459e-42
-2.14259e-42
-1.25556e-42
-7.35682e-43
0.0107694
0.0271461
2.08425e-06
0.0270245
0.0270245
0.0260528
7.2917e-14
0.0260528
1.39086e-17
0.0260528
2.65299e-21
3.66406e-23
0.0260528
6.98902e-27
9.65257e-29
1.33312e-30
1.84118e-32
2.44868e-34
3.38189e-36
4.67074e-38
6.45079e-40
8.90946e-42
1.23314e-43
1.4013e-45
0
0
0.0243049
0.0243049
0
0.0243049
0
0.0243049
0.0235161
0
0
0
0
0
0
0
0.0235161
0.0235161
0
0
0.0235161
0.0235161
0.0227769
0
0
0
0
0
0
0.0220827
0
0
0
0
0
0
0
0
0
0
0
0
0
-0.00934154
0
-0.00934154
0
-0.00907926
0
-0.00907926
0
0
-0.00907926
0
0
-0.0088313
0
0
-0.0088313
0
-0.0088313
0
0
-0.00859653
0
-0.00859653
0
0
0
0
0
0
0
0
0.00731082
-0.00849198
1.4474e-06
1.99903e-08
2.76087e-10
3.81305e-12
5.26623e-14
0.0186688
0.0186688
0.0186688
1.86426e-21
2.57474e-23
3.55599e-25
0.0186688
6.78288e-29
0.0186688
