0
0
0
0
0
0
-0.301497
-0.4
-0.31612
-0.4
-0.320191
-0.4
-0.321499
-0.4
-0.321939
-0.4
-0.322089
-0.4
-0.4
-0.4
-0.4
-0.306489
-0.4
-0.31741
-0.4
-0.4
-0.4
-0.309015
-0.4
-0.258318
-0.4
-0.145783
-0.047267
-0.131628
-0.0176033
-0.010509
-0.125233
-0.00367355
-0.00216134
-0.00126964
-0.000745135
-0.000437073
-0.000256292
-0.000150257
0.073888
-2.58171e-05
0.0739006
0.190097
-5.19855e-06
-3.04697e-06
-1.78589e-06
-1.04674e-06
-4.09008e-07
-2.39727e-07
-1.40508e-07
-8.2354e-08
-4.82691e-08
0.150593
0.150593
0.150593
-5.69646e-09
-2.50409e-09
-1.46769e-09
0.12468
0.12468
0.12468
0.12468
0.106375
0.106375
0.106375
0.106375
0.106375
0.106375
0.0927572
0.0927572
0.0927572
-5.52485e-13
-3.23821e-13
-1.89797e-13
-1.11243e-13
-6.52014e-14
-3.27562e-14
-1.9199e-14
-1.12528e-14
-6.59548e-15
-3.86572e-15
-2.26576e-15
-1.328e-15
-6.81068e-16
-3.99185e-16
-2.33969e-16
-1.37133e-16
-8.03761e-17
-4.71098e-17
-2.76118e-17
-1.61837e-17
0.0263533
0.0672501
0.0670217
0.0670185
0.0613444
1.3727e-11
0.0613444
0.0613444
0.0613444
4.37493e-19
-2.67359e-20
-1.92591e-20
0.0565562
-6.64588e-21
0.0565562
-2.28308e-21
0.0565562
0.0524613
0.0524613
0.0524613
-1.44762e-22
-8.48472e-23
0.0524613
-2.91478e-23
-1.7084e-23
-1.00132e-23
-5.86891e-24
-3.17526e-24
0.0190156
0.000289798
4.00814e-06
5.53577e-08
7.64549e-10
1.05592e-11
0.0458254
1.87025e-15
0.0458254
3.56742e-19
4.92697e-21
6.8042e-23
0.0430996
1.05604e-26
0.0430996
0.0430996
0.0430996
0.0406798
0.0406798
0.0406798
0.0406798
0.0385173
0.0385173
-6.55982e-30
-3.84482e-30
-2.25351e-30
-1.32082e-30
-7.74155e-31
-4.53745e-31
-2.65948e-31
-1.55876e-31
-9.13618e-32
-5.05737e-32
-2.96421e-32
-1.73737e-32
-1.0183e-32
-5.96845e-33
0.0348157
-1.94244e-33
-1.1385e-33
0.0332195
-3.71556e-34
0.0332195
0.0332195
-7.48129e-35
-4.38491e-35
0.0127856
0.000179498
2.48125e-06
0.0317633
0.0317632
6.53666e-12
8.61746e-14
1.19016e-15
0.0304293
0.0304293
2.99903e-21
4.14198e-23
5.72051e-25
7.90063e-27
1.09116e-28
1.50701e-30
0.0280715
2.75474e-34
3.8032e-36
5.17094e-38
2.35434e-40
-2.77339e-40
0.0107694
0.000157078
2.1711e-06
2.8786e-08
3.97565e-10
5.4908e-12
7.58337e-14
1.04734e-15
0.0260528
1.92092e-19
2.65299e-21
3.66406e-23
5.06045e-25
0.0251485
0.0251485
0.0251485
1.77299e-32
0.0251485
0.0243049
4.50393e-38
6.22038e-40
8.58856e-42
0.00930248
0.024416
0.0243065
2.57018e-08
0.0235161
4.73344e-12
6.53739e-14
9.02882e-16
1.24697e-17
1.7222e-19
0.0235161
3.28502e-23
4.53696e-25
6.05715e-27
8.36556e-29
1.15537e-30
1.59569e-32
2.20381e-34
3.0437e-36
4.20367e-38
5.61844e-40
7.75899e-42
1.06499e-43
1.4013e-45
0
0
0
0
0
0
0
0
0
0
0
0
0
0
0
0
0
0
0
0
0
0
0
0
0
0
0
0
0
0
0
0
0
0
-0.0088313
0
-0.00859653
0
-0.00859653
0
-0.00859653
0
-0.00837392
0
-0.00837392
0
-0.00837392
0
-0.00816255
0
