0
0
0
0
0
0
-0.301497
-0.4
-0.31612
-0.4
-0.4
-0.313387
-0.4
-0.319359
-0.4
-0.321225
-0.4
-0.321846
-0.4
-0.322057
-0.4
-0.322129
-0.4
-0.4
-0.4
-0.4
-0.314761
-0.4
-0.185011
-0.121897
-0.148284
-0.0523478
-0.032439
-0.0196734
-0.0117705
-0.00698393
0.255295
0.256298
0.189551
0.189779
0.189914
0.189992
0.190039
0.150565
0.150576
0.150583
0.150587
0.15059
0.124678
0.124679
0.124679
0.124679
-2.02031e-07
-1.18414e-07
0.106375
0.106375
-1.90742e-08
0.106375
-6.5526e-09
-3.20049e-09
-1.87586e-09
0.0927572
-6.44419e-10
-3.77705e-10
0.0370866
0.000626836
8.68403e-06
1.19897e-07
1.6304e-09
6.48465e-12
-7.42214e-12
0.0326535
0.000537528
7.44356e-06
1.02806e-07
1.41934e-09
1.92981e-11
8.80317e-14
-1.03403e-13
-6.27471e-14
-3.68067e-14
0.0738491
-1.1064e-14
-6.48478e-15
-3.80084e-15
0.0670185
0.0670185
0.0670185
0.0670185
0.0670185
0.0670185
0.0670185
0.0613444
0.0613444
0.0613444
0.0613444
0.0613444
0.0565562
0.0565562
-9.14825e-19
-5.36194e-19
0.0565562
0.0565562
0.0524613
0.0524613
0.0524613
-1.8394e-20
-1.0781e-20
-6.31894e-21
-3.70363e-21
-2.17076e-21
-1.27232e-21
-7.45728e-22
-4.37083e-22
-2.56182e-22
-1.50152e-22
-8.17207e-23
-4.78978e-23
-2.80737e-23
-1.64545e-23
-9.64424e-24
0.0430996
-3.09224e-24
-1.81241e-24
-1.06229e-24
-6.22623e-25
-3.6493e-25
-2.13891e-25
-1.25365e-25
-7.34787e-26
-4.30671e-26
-2.36647e-26
-1.38703e-26
-8.1296e-27
-4.7649e-27
0.0385173
0.0385173
-9.02977e-28
0.0385173
-3.10202e-28
0.0385173
0.0385173
0.0365731
0.0365731
0.0365731
0.0365731
0.0365731
-4.08032e-30
0.0348157
0.0348157
0.0348157
-4.56193e-31
-2.67383e-31
-1.56717e-31
-9.18547e-32
-5.11457e-32
-2.99773e-32
-1.75702e-32
-1.02982e-32
-6.03595e-33
-3.53777e-33
-2.07355e-33
-1.21534e-33
-0.0142979
-3.97627e-34
-0.0142979
-1.36598e-34
-0.0142979
-4.69259e-35
-0.0136925
-1.53878e-35
-9.01907e-36
-0.0136925
-3.09834e-36
-0.0136925
-1.06438e-36
-0.0131363
-3.49753e-37
-2.04996e-37
-1.20151e-37
-7.04228e-38
-4.1276e-38
-2.41925e-38
-1.41796e-38
-8.31092e-39
-4.87117e-39
-2.85508e-39
-1.67341e-39
-9.80812e-40
-5.7487e-40
0.0112114
0.0293326
0.0292047
3.12892e-08
0.0292029
0.0280715
0.0280715
0.0280715
1.50676e-17
0.0280715
0.0280715
0.0270245
0.0270245
0.0270245
1.00387e-28
1.38645e-30
1.84118e-32
2.54286e-34
3.51196e-36
4.85039e-38
6.69882e-40
9.24717e-42
1.20512e-43
0
-1.4013e-45
-0
-0
-0
-0.0109186
0
-0.0109186
0
0
-0.0109186
0
0
0
0.00930248
0.0236241
0.0235176
0.0235161
0.0235161
0.0235161
0.0235161
0.0235161
0.0227769
0.0227769
2.29926e-21
3.17552e-23
4.38572e-25
6.05715e-27
8.36556e-29
1.1181e-30
1.54422e-32
2.13272e-34
-0.028871
-0.012215
-0.034965
-0.0162408
-0.0370126
-0.0176046
-0.0377107
-0.0180709
-0.0379499
-0.0182308
-0.038032
-0.0182857
