0
0
0
0
0
0
-0.301497
-0.4
-0.31612
-0.4
-0.320191
-0.4
-0.321499
-0.4
-0.321939
-0.4
-0.322089
-0.4
-0.4
-0.4
-0.322158
-0.4
-0.4
-0.314762
-0.4
-0.319773
-0.4
-0.321361
-0.4
-0.4
-0.168097
-0.0909948
-0.140677
-0.0367475
-0.129697
-0.0134342
-0.0911466
-0.00237356
-0.090007
-0.000818585
-0.000480193
-0.0895282
-0.000165092
-9.67798e-05
-5.673e-05
-0.0700538
-1.29938e-05
-0.070046
-4.4639e-06
-2.61638e-06
-1.53351e-06
-8.98815e-07
-5.26811e-07
-0.0700421
-1.80977e-07
-1.06074e-07
-6.21715e-08
-3.64398e-08
-2.1358e-08
-1.25183e-08
-0.057572
-3.22532e-09
-1.89042e-09
-1.108e-09
-6.4942e-10
-3.80636e-10
0.12468
-1.30761e-10
-7.66411e-11
0.12468
0.12468
0.106375
-7.23582e-12
0.106375
0.106375
0.106375
0.106375
-5.00505e-13
-2.93354e-13
0.0927572
-8.39807e-14
-4.92225e-14
-2.88501e-14
-1.69095e-14
-9.91096e-15
-5.80898e-15
0.0822302
-1.71049e-15
-1.00255e-15
-5.8761e-16
0.0822302
-2.01863e-16
0.0738491
0.0738491
0.0738491
-2.0845e-17
-1.22176e-17
0.0738491
0.0738491
-2.46002e-18
0.0670185
0.0670185
-4.40289e-19
-2.58061e-19
-1.51254e-19
-8.86523e-20
-5.19606e-20
0.0670185
-1.60651e-20
-9.41605e-21
0.0613444
-3.23472e-21
0.0613444
0.0613444
-6.51312e-22
-3.81745e-22
0.0565562
0.0565562
0.0565562
0.0565562
0.0565562
0.0524613
0.0524613
0.0524613
0.0524613
0.0524613
0.0524613
-4.82657e-25
0.0489193
0.0489193
-9.71831e-26
0.0489193
0.0489193
0.0458254
-1.06498e-26
-6.24204e-27
0.0458254
-2.14435e-27
0.0458254
-6.87543e-28
-4.0298e-28
0.0430996
-1.38437e-28
-8.11402e-29
0.0430996
-2.78743e-29
0.0430996
0.0430996
-5.26172e-30
-3.08398e-30
0.0406798
0.0406798
0.0385173
-3.42546e-31
-2.00772e-31
0.0385173
0.0385173
0.0385173
-2.23777e-32
-1.31159e-32
0.0365731
-4.50576e-33
-2.6409e-33
0.0365731
0.0365731
-5.03759e-34
0.0348157
0.0348157
0.0348157
0.0348157
0.0332195
-1.94022e-35
0.0332195
0.0332195
-3.90664e-36
-2.28975e-36
0.0317632
0.0317632
0.0317632
-2.45658e-37
0.0304293
-8.43916e-38
-4.94633e-38
0.0304293
-1.69923e-38
0.0304293
-5.5836e-39
0.0292029
0.0292029
-1.12426e-39
-6.58948e-40
-3.8622e-40
-2.2637e-40
-1.32679e-40
0.0292029
-4.558e-41
-2.56017e-41
-1.50051e-41
-8.79455e-42
0.0280715
-3.0212e-42
-1.69978e-42
-9.96323e-43
-5.84341e-43
-3.41917e-43
-2.00386e-43
-1.17709e-43
-6.5861e-44
-3.92364e-44
-2.24208e-44
-1.4013e-44
-8.40779e-45
-4.2039e-45
-2.8026e-45
-1.4013e-45
-1.4013e-45
-0
-0
-0
0.0251485
0
0.0251485
0
0
0
0.0251485
0
0.00963042
0.024416
0.0243065
0.024305
3.42729e-10
0.0235161
6.53739e-14
9.02882e-16
0.0235161
0.0235161
0.0235161
0.0227769
4.38572e-25
0.0227769
0.0227769
0.0220827
0.0220827
0.0220827
2.94552e-36
4.06807e-38
5.44285e-40
7.51656e-42
0.0214296
0.0214296
0
0
0
0
0
0
0
0
0
0
0
0
0
0
-0.00907926
0
-0.00907926
0
-0.0088313
0
-0.0088313
0
-0.0088313
0
0
-0.00859653
0
0
0
-0.00859653
0
0.0191626
0
0
0.0191626
0
0
0
0
0
-0.00837392
0.0186688
0
0
0.0186688
0
0
0
0
0
0.0181999
0.0181999
0.0181999
0.0181999
0
0
0.017754
0
0
0
0
0
0
0
