0
0
0
0
0
0
-0.301497
-0.4
-0.31612
-0.4
-0.4
-0.4
-0.308833
-0.4
-0.318049
-0.4
-0.4
-0.313809
-0.4
-0.319485
-0.4
-0.321266
-0.4
-0.32186
-0.4
-0.322062
-0.4
-0.4
-0.247948
-0.4
-0.140914
-0.0372415
-0.129786
-0.0136265
-0.00810094
-0.124847
-0.00282044
-0.00165794
-0.0896166
-0.00028576
-0.000167538
-0.0894494
-5.75707e-05
0.190078
-1.97793e-05
-1.15932e-05
-4.53006e-06
-2.65516e-06
-1.55624e-06
-9.12137e-07
-5.34619e-07
-3.13349e-07
0.124679
-8.07344e-08
-4.73198e-08
-2.77349e-08
-1.62559e-08
-9.52785e-09
0.12468
0.12468
0.12468
-8.99542e-10
0.106375
0.106375
0.106375
-1.06159e-10
-5.18514e-11
0.0927572
-1.78127e-11
-1.04403e-11
-6.11923e-12
-3.58658e-12
-1.80185e-12
-1.05609e-12
0.0822302
0.0822302
0.0822302
0.0822302
-7.30504e-14
0.0822302
-2.50952e-14
0.0738491
0.0738491
0.0738491
0.0738491
-1.51887e-15
0.0738491
0.0670185
0.0670185
0.0670185
0.0670185
0.0670185
-3.20815e-17
0.0613444
0.0613444
0.0613444
0.0613444
-1.99718e-18
-1.17058e-18
-6.86098e-19
0.0613444
-2.35697e-19
-1.25587e-19
-7.36088e-20
-4.31434e-20
0.0565562
-1.35861e-20
-7.96302e-21
0.0524613
0.0524613
-1.60336e-21
0.0489193
0.0489193
-2.98003e-22
-1.74664e-22
0.0489193
0.0489193
-3.51687e-23
-2.0613e-23
-1.20816e-23
0.0489193
0.0458254
0.0458254
0.0458254
0.0458254
0.0430996
0.0430996
0.0430996
0.0430996
-5.00976e-26
-2.93631e-26
-1.72102e-26
-1.00872e-26
-5.54274e-27
0.0406798
0.0406798
0.0406798
-6.54126e-28
0.0385173
0.0385173
-1.23961e-28
0.0385173
-4.25846e-29
-2.49595e-29
-1.46292e-29
-8.57442e-30
-5.02561e-30
-2.78195e-30
-1.63055e-30
-9.55691e-31
-5.60147e-31
-3.28311e-31
-1.92429e-31
0.0365731
0.0348157
-3.67063e-32
0.0348157
0.0348157
0.0348157
0.0332195
0.0332195
0.0332195
-8.28616e-34
0.0332195
0.0317632
-1.58897e-34
0.0317632
-5.45864e-35
0.0122139
0.000179498
2.48125e-06
3.42691e-08
4.73292e-10
6.23954e-12
8.61746e-14
1.19016e-15
1.64374e-17
2.27018e-19
3.13535e-21
4.33025e-23
0.0292029
7.90063e-27
1.09116e-28
1.50701e-30
0.0292029
2.75474e-34
3.80276e-36
0.0107694
0.000157078
0.0280732
0.0280715
0.0280715
5.71958e-12
0.0270245
1.04734e-15
1.44649e-17
0.0270245
2.65299e-21
3.66406e-23
0.0260528
6.98902e-27
9.65257e-29
1.33312e-30
1.77299e-32
2.44868e-34
0.0251485
4.67074e-38
6.45057e-40
8.89684e-42
0.0243049
0.0243049
-2.8026e-45
-1.4013e-45
-1.4013e-45
-0
-0
-0
-0
0
0
0
0
0
0
0
0
0
0
0
0
0
0
0
0
0
0
0
0
0
0
0
0
0
0
0
0
0
0
0
0
0
0
0
0
0
0
0
0
0
-0.00907926
0
0
0
0
0
0
0
0
0
0
0.0191626
0.0191626
0
0.0191626
0
0.0101752
0
0
0
0
-0.00837392
0
0
0
-0.00837392
0
0
0
0
0
0
0
