0
0
0
0
0
0
-0.301497
-0.4
-0.31612
-0.4
-0.320191
-0.4
-0.4
-0.4
-0.4
-0.306304
-0.4
-0.317361
-0.4
-0.32058
-0.4
-0.321629
-0.4
-0.321983
-0.4
-0.322104
-0.4
-0.322145
-0.4
-0.4
-0.314759
-0.4
-0.263247
-0.4
-0.148283
-0.0523458
-0.132591
-0.0196725
-0.01177
-0.00698364
-0.00412302
-0.00242692
-0.00142604
0.115008
0.00321656
-0.000235823
-0.000168105
0.0811249
0.00183992
0.0811573
0.190145
0.1901
0.190101
-2.0017e-06
0.150592
0.150593
0.150593
0.150593
0.150593
0.150593
-2.38417e-08
0.12468
0.12468
0.12468
-2.81367e-09
-1.64914e-09
-9.66587e-10
0.12468
0.106375
0.0927572
0.0927572
0.0927572
0.0927572
0.0822302
0.0822302
0.0822302
0.0822302
0.0738491
0.0738491
-4.6559e-13
0.0738491
-1.59946e-13
-9.37468e-14
-5.49465e-14
0.0291671
0.000470495
6.51315e-06
8.99563e-08
1.24239e-09
1.71565e-11
2.35675e-13
2.50768e-15
-4.03333e-16
-2.6227e-16
-1.54078e-16
0.0670185
0.0670185
0.0670185
-1.6164e-17
0.0670185
0.0613444
0.0613444
-1.71683e-18
-1.00626e-18
-5.89788e-19
0.0613444
-2.02611e-19
-1.18754e-19
0.0613444
-4.07959e-20
0.0565562
0.0565562
-7.46751e-21
0.0565562
0.0565562
0.0524613
-8.07836e-22
-4.73486e-22
0.0524613
-1.62658e-22
-9.53366e-23
-5.58784e-23
-3.02319e-23
-1.77194e-23
-1.03857e-23
0.0190156
0.000289798
4.00814e-06
0.0190156
0.0491115
3.72186e-06
5.14037e-08
0.017778
0.000269126
3.72185e-06
5.14036e-08
0.017778
0.0460091
3.72185e-06
0.0177781
0.0460091
0.043102
0.0430996
0.0430996
0.0430996
0.0430996
0.0430996
0.0430996
0.0406798
0.0406798
0.0406798
0.0406798
1.13545e-26
0.0406798
0.0385173
-4.81682e-31
0.0385173
0.0385173
-1.02657e-31
-5.6826e-32
-3.33067e-32
-1.95216e-32
0.0365731
-6.70631e-33
-3.7238e-33
-2.18258e-33
0.0348157
0.0348157
-4.39464e-34
0.0332195
-1.43422e-34
-8.40618e-35
-4.927e-35
-2.8878e-35
-1.69259e-35
-9.92054e-36
-5.81459e-36
-3.40803e-36
-1.90238e-36
-1.11502e-36
-6.53531e-37
-3.83045e-37
-2.24509e-37
-1.31589e-37
0.0317632
0.0317632
0.0317632
0.0304293
-8.68831e-39
-5.09236e-39
0.0304293
-1.7494e-39
0.0116912
0.000171346
0.0304311
3.27114e-08
0.0116912
0.0293326
0.0292047
3.12892e-08
4.32136e-10
5.96826e-12
8.24279e-14
0.0292029
0.0280715
0.0280715
0.0280715
0.0270245
5.26287e-25
0.0103609
0.0271461
0.0270262
0.0270245
0.0270245
5.4908e-12
7.58337e-14
1.04734e-15
1.44649e-17
1.99776e-19
2.75911e-21
3.66406e-23
5.06045e-25
-0.0117093
9.65257e-29
1.33312e-30
1.84118e-32
2.54286e-34
3.38189e-36
4.67074e-38
6.45079e-40
8.90946e-42
1.23314e-43
1.4013e-45
0
0
0
0.0243049
0.0243049
0.0243049
0
0
0.0235161
0
0.0235161
0
0
0.0227769
0
0
0
0.0227769
0
0
0
0
0
0
0
0
0.00844023
0.00012163
0.0220841
0.0220827
3.20617e-10
0.0220827
6.11562e-14
8.44631e-16
1.13007e-17
1.56075e-19
2.15556e-21
2.97705e-23
4.11162e-25
5.67858e-27
0.020814
1.05034e-30
1.45063e-32
2.00347e-34
2.767e-36
3.82152e-38
0.0202328
7.07516e-42
9.80909e-44
1.4013e-45
0.00772426
0.0203274
