0
0
0
0
0
0
-0.301497
-0.4
-0.31612
-0.4
-0.320191
-0.4
-0.321499
-0.4
-0.321939
-0.4
-0.322089
-0.4
-0.4
-0.4
-0.322158
-0.4
-0.322164
-0.4
-0.322166
-0.4
-0.322167
-0.4
-0.322167
-0.4
-0.192652
-0.135274
-0.09219
-0.14095
-0.0373162
-0.1298
-0.0136556
-0.0911761
-0.00241383
-0.0900172
-0.000832528
-0.0896171
-0.000286392
-0.0701019
-6.56262e-05
-0.0700625
-2.25472e-05
-0.070049
-7.74598e-06
-4.54009e-06
-2.66103e-06
-1.55968e-06
-9.14156e-07
-5.35803e-07
-3.14043e-07
-0.0575721
-8.09131e-08
-4.74245e-08
-2.77963e-08
-1.62919e-08
-9.54894e-09
-5.59679e-09
-3.28037e-09
-1.92268e-09
-1.12692e-09
-6.60504e-10
-3.87133e-10
-2.26905e-10
-1.32993e-10
-7.79492e-11
-4.56873e-11
-2.67781e-11
-1.56951e-11
-7.35933e-12
-4.31343e-12
0.106375
-1.4818e-12
-8.68509e-13
-5.09048e-13
0.0429124
0.000751732
8.6841e-06
1.19942e-07
1.65649e-09
2.28611e-11
3.05893e-13
-1.5442e-15
-2.9165e-15
-1.73897e-15
-1.01965e-15
0.0326535
0.0824818
7.44356e-06
0.0822303
0.0822302
0.0822302
0.0738491
0.0738491
0.0738491
0.0670185
-2.21634e-18
0.0263533
0.000418327
5.78949e-06
7.99612e-08
1.10435e-09
1.52522e-11
2.10649e-13
2.90925e-15
0.0670185
0.0670185
0.0670185
0.0613444
0.0613444
0.0613444
0.0613444
0.0613444
0.0565562
0.0565562
0.0565562
0.0565562
0.0524613
0.0524613
0.0524613
0.0524613
0.0489193
0.0489193
0.0489193
-4.90895e-25
-2.87722e-25
0.0489193
-9.88419e-26
-5.79329e-26
-3.39554e-26
-1.99018e-26
-1.16648e-26
0.0190156
0.0491115
0.048922
0.0458254
7.09938e-10
0.0458254
0.0458254
0.0458254
2.58302e-17
0.017778
0.0432754
0.043102
0.0430996
0.0406798
8.57937e-12
0.0157306
0.0408483
3.25663e-06
4.49782e-08
0.0157306
0.0408483
3.25663e-06
0.0157306
0.000235525
3.25663e-06
4.49783e-08
6.21197e-10
8.57939e-12
1.1849e-13
0.0385173
0.0385173
2.93788e-19
4.05753e-21
0.0365731
0.0365731
0.0365731
0.0365731
0.0365731
2.65874e-32
3.62889e-34
0.0348157
-1.37043e-36
-8.4122e-37
0.0348157
-2.89301e-37
0.0134134
0.000198373
2.74243e-06
0.0348158
5.23112e-10
0.0134134
0.000198373
2.74243e-06
3.78763e-08
0.0332195
0.0332195
9.47921e-14
0.0332195
0.0332195
2.49719e-19
0.0127856
0.000188464
0.0127879
0.0333637
2.60581e-06
3.59894e-08
4.97052e-10
6.53791e-12
9.02954e-14
1.24707e-15
1.72234e-17
2.37873e-19
3.28528e-21
4.53732e-23
6.26652e-25
8.65472e-27
0.0304293
1.57581e-30
0.0304293
0.0304293
0.0304293
0.0292029
7.5741e-40
1.04607e-41
1.44334e-43
1.4013e-45
0.0292029
0
0
0
0.0292029
0
0
0.0280715
0.0280715
0.0280715
0.0270245
0.0270245
0
0
0.0270245
0
0
0
0
0
0.0260528
0
0
0
0
0
0
0
0
0
0
0
0
0
0
0
0
0
0
0
0.00899613
0.0236241
0.0235176
0.0235161
0.0235161
0.0235161
0.0235161
0.0227769
0.0227769
0.0227769
0.0227769
3.07308e-23
4.24425e-25
5.86176e-27
8.0957e-29
1.1181e-30
1.54422e-32
2.13272e-34
2.85347e-36
3.94094e-38
5.44285e-40
7.51656e-42
1.03696e-43
1.4013e-45
0
0
0
0
0
0
0
0
0
0
0.00794903
0.0203274
0.0202341
0.0202328
0.0202328
0.0196831
0.0196831
0.0196831
0.0196831
0.0196831
0.0196831
0.0196831
3.75919e-25
5.19184e-27
7.17048e-29
9.62809e-31
1.32974e-32
1.83651e-34
2.53642e-36
3.50306e-38
4.8381e-40
6.68139e-42
9.24857e-44
1.4013e-45
0
0
0
0
0
-0.00837392
0
-0.00816255
0
-0.00816255
