0
0
0
0
0
0
-0.301497
-0.4
-0.4
-0.4
-0.307063
-0.4
-0.4
-0.4
-0.307679
-0.4
-0.4
-0.4
-0.307751
-0.4
-0.317751
-0.4
-0.320705
-0.4
-0.321671
-0.4
-0.4
-0.247649
-0.4
-0.140781
-0.036965
-0.0225274
-0.0135188
-0.00803601
-0.124836
0.256079
-0.00164444
-0.000965475
-0.000566447
-0.000166168
-9.74108e-05
-5.70999e-05
0.190078
0.190089
0.150586
0.150589
-2.63344e-06
-1.54351e-06
-9.04676e-07
0.150592
0.150593
0.150593
-1.06765e-07
-6.2577e-08
0.12468
0.12468
0.12468
-5.53876e-09
-3.24636e-09
-1.90274e-09
-1.11523e-09
-6.53655e-10
-3.83118e-10
-2.24552e-10
0.106375
0.106375
-3.61709e-11
0.106375
0.106375
0.0927572
0.0927572
-2.08496e-12
0.0927572
0.0927572
0.0927572
0.0927572
0.0927572
-8.45284e-14
-4.95435e-14
-2.90383e-14
-1.70198e-14
0.0822302
0.0822302
-2.93738e-15
-1.72165e-15
-1.00909e-15
0.0822302
-3.46654e-16
0.0822302
0.0738491
-6.1074e-17
-3.57965e-17
-2.09809e-17
-1.22973e-17
-7.20764e-18
-4.22452e-18
-2.47606e-18
0.0738491
-7.56096e-19
-4.4316e-19
0.0670185
0.0670185
-8.92304e-20
-5.22994e-20
0.0670185
-1.79666e-20
-1.05305e-20
-5.55489e-21
-3.25582e-21
-1.90829e-21
-1.11848e-21
-6.55559e-22
-3.84234e-22
-2.25206e-22
0.0565562
-7.03324e-23
-4.1223e-23
0.0524613
-1.29813e-23
0.0524613
0.0524613
0.0524613
0.0524613
0.0524613
0.0489193
0.0489193
-1.6689e-25
-9.78169e-26
0.0489193
-3.36033e-26
0.0458254
0.0458254
0.0458254
0.0458254
-2.15833e-27
-1.26503e-27
-7.41457e-28
0.0458254
-2.54715e-28
0.0430996
-8.16693e-29
0.0430996
0.0430996
0.0430996
-9.63818e-30
0.0430996
0.0406798
-1.81936e-30
-1.06636e-30
-6.2501e-31
-3.66329e-31
0.0406798
-1.25846e-31
-6.94215e-32
-4.06891e-32
0.0385173
-1.3978e-32
-7.73761e-33
-4.53514e-33
-2.65812e-33
-1.55797e-33
-9.13152e-34
-5.35214e-34
-3.13698e-34
-1.74186e-34
0.0348157
-5.98388e-35
-3.50725e-35
-1.95287e-35
-1.14461e-35
-6.70876e-36
-3.93212e-36
-2.30468e-36
0.0332195
-7.91733e-37
-4.64048e-37
-2.71986e-37
-1.59416e-37
0.0317632
-5.21567e-38
-3.05699e-38
-1.79175e-38
-1.05018e-38
-6.15526e-39
-3.6077e-39
-2.11453e-39
0.0304293
0.0304293
-4.06409e-40
0.0116912
0.0305635
2.36847e-06
0.0304293
4.51779e-10
0.0292029
0.0292029
0.0292029
1.57227e-17
0.0280715
2.87407e-21
3.9694e-23
5.48216e-25
7.57143e-27
1.04569e-28
1.44421e-30
1.99461e-32
2.64458e-34
3.65244e-36
5.0444e-38
6.96681e-40
9.61851e-42
1.31722e-43
1.4013e-45
0.0260528
0.0260528
-0
0.0260528
0.0260528
0.0260528
0.0260528
0.0260528
0.0251485
0
0.0251485
0.0251485
0.0251485
0.0251485
0.0251485
0
0
0
0
0
0
0
0
0
0
-0.010562
0
-0.010562
0
-0.0102279
0
0
-0.0102279
0
0
0
-0.0102279
0
0
0
0.0220827
0
0.00844023
0.0221849
1.68085e-06
0.0220827
0.0220827
4.42806e-12
6.11562e-14
0.0214296
1.13007e-17
-0.00961942
2.15556e-21
-0.00961942
4.11162e-25
-0.00934154
7.60505e-29
-0.00934154
1.45063e-32
-0.00934154
2.767e-36
-0.00907926
5.12268e-40
-0.00907926
9.80909e-44
-0.00907926
0
-0.0088313
0
-0.0088313
0
0
0
