0
0
0
0
0
0
-0.301497
-0.4
-0.4
-0.4
-0.221684
-0.4
-0.4
-0.302671
-0.4
-0.316415
-0.4
-0.320282
-0.4
-0.32153
-0.4
-0.4
-0.314611
-0.4
-0.319727
-0.4
-0.321346
-0.4
-0.321887
-0.4
-0.192348
-0.134747
-0.151812
-0.0594334
-0.133971
-0.0226241
-0.0923957
-0.00407704
-0.0904404
-0.00141003
-0.0897629
-0.000485516
-0.000284712
-0.0701016
-6.5241e-05
-0.0700624
-2.24148e-05
-1.3138e-05
-7.70051e-06
-4.51343e-06
-2.64541e-06
-1.55052e-06
-9.08789e-07
-5.32657e-07
-3.12199e-07
-1.82985e-07
-0.070042
-6.28615e-08
-3.68442e-08
-2.1595e-08
-1.26572e-08
-7.41858e-09
-4.34816e-09
0.0625705
0.00124975
0.050917
0.00093896
1.30281e-05
1.79815e-07
2.40777e-09
-1.10951e-11
-2.61469e-11
0.106375
0.106375
-3.57342e-12
0.0927572
-1.22759e-12
0.0927572
0.0927572
0.0927572
0.0822302
0.0822302
0.0822302
0.0822302
0.0822302
0.0738491
0.0738491
0.0738491
0.0738491
0.0670185
0.0670185
0.0670185
0.0670185
0.0670185
-5.45349e-17
0.0670185
0.0670185
-1.09806e-17
0.0613444
0.0613444
0.0613444
0.0613444
-6.8358e-19
-4.00658e-19
-2.34832e-19
-1.37639e-19
-7.33387e-20
0.0565562
-2.51942e-20
-1.47668e-20
0.0565562
-5.07287e-21
-2.97329e-21
-1.7427e-21
-1.02142e-21
-5.98673e-22
-3.21651e-22
0.0524613
0.0524613
0.0524613
0.0489193
0.0489193
0.0489193
0.0489193
-4.13519e-24
-2.42371e-24
-1.42057e-24
0.017778
0.0460091
0.0458279
5.14036e-08
7.09938e-10
9.80499e-12
1.35417e-13
1.87025e-15
2.58302e-17
3.32959e-19
0.0430996
0.0430996
8.75959e-25
1.14191e-26
-2.40141e-28
0.0430996
0.0406798
-7.69127e-29
-4.50801e-29
0.0406798
-1.45755e-29
-8.54295e-30
-5.00717e-30
0.0385173
-1.72013e-30
0.0385173
0.0385173
-3.46348e-31
-2.03e-31
-1.12372e-31
-6.58629e-32
-3.86034e-32
-2.26261e-32
0.014106
0.000209383
2.89478e-06
3.99806e-08
5.52174e-10
0.0365731
0.0365731
1.45464e-15
0.0365731
0.0348157
3.63041e-21
5.01398e-23
6.92483e-25
9.56391e-27
0.0348157
0.0348157
0.0348157
0.0332195
0.0332195
0.0332195
0.0332195
0.0332195
-9.38609e-38
0.0317632
0.0317632
0.0317632
0.0317632
-5.90219e-39
-3.45937e-39
0.0304293
-1.18841e-39
0.0304293
0.0304293
-2.28882e-40
-1.34152e-40
-7.86283e-41
-4.60859e-41
0.0292029
-1.58319e-41
-9.2794e-42
-5.43844e-42
-3.18795e-42
-1.86793e-42
-1.04957e-42
-6.1517e-43
-3.60134e-43
-2.11596e-43
-1.23314e-43
0.0270245
-4.06377e-44
-2.38221e-44
-1.4013e-44
0.0270245
0.0260528
0.0260528
0.0260528
0.0260528
0.0260528
-0
0.0260528
-0
0
0
0
0
0
0
0
0
0
0
0
0
0
0
0
0
0
0
0
0
0
0
0
0
0
0
0
0
0
0
0
0
0
0
0
0
0.0214296
0.0214296
0.0214296
0
0.00818727
0.000117832
1.62833e-06
2.18076e-08
3.01186e-10
4.15969e-12
5.74498e-14
7.93441e-16
0.0202328
1.46894e-19
2.02876e-21
0.0202328
0.0202328
0.0202328
0.0202328
0.0196831
0.0196831
0.0196831
0.0196831
3.60315e-38
4.97632e-40
6.87337e-42
9.24857e-44
1.4013e-45
0
0
0
0
0
0
0
0
0.0186688
0.0181999
0
0
0.00693939
0.018286
0.0182011
1.89382e-08
2.5485e-10
3.51974e-12
4.86113e-14
6.71373e-16
9.27237e-18
1.28061e-19
1.76866e-21
2.38164e-23
3.28929e-25
4.54286e-27
6.27417e-29
8.66528e-31
