0
0
0
0
0
0
-0.301497
-0.4
-0.31612
-0.4
-0.320191
-0.4
-0.4
-0.314296
-0.4
-0.4
-0.4
-0.308583
-0.4
-0.4
-0.4
-0.4
-0.4
-0.303779
-0.4
-0.316698
-0.4
-0.320371
-0.4
-0.268361
-0.4
-0.151017
-0.0578456
-0.133658
-0.0219563
-0.0131681
-0.125665
-0.00462359
-0.0899947
-0.000801854
-0.00047037
-0.000275826
0.189979
-9.47982e-05
0.190061
-3.25713e-05
-1.90913e-05
-1.11899e-05
0.190099
-3.84418e-06
0.0811586
0.00186748
0.0625784
0.150786
0.150595
0.150593
-5.75845e-08
-3.56477e-08
-1.56899e-08
-9.1964e-09
0.12468
0.12468
-1.8517e-09
-1.08531e-09
0.106375
-2.98272e-10
-1.74822e-10
0.106375
-6.00572e-11
0.106375
0.106375
0.0927572
-5.90636e-12
0.0927572
-2.02903e-12
0.0927572
0.0927572
-4.08545e-13
-2.39455e-13
-1.20299e-13
0.0822302
0.0822302
0.0822302
0.0822302
-8.32112e-15
0.0822302
-2.50126e-15
0.0738491
0.0738491
0.0738491
-2.95185e-16
-1.73013e-16
-1.01406e-16
-5.94356e-17
-3.48362e-17
-2.04181e-17
0.0738491
-7.01428e-18
-3.65439e-18
-2.1419e-18
0.0670185
-7.35812e-19
-4.31272e-19
-2.52776e-19
-1.48156e-19
-8.68367e-20
0.0613444
0.0613444
-1.57361e-20
0.0613444
0.0613444
-2.88043e-21
-1.68827e-21
-9.89522e-22
0.0565562
0.0565562
-1.99241e-22
-1.16778e-22
0.0565562
0.0565562
0.0565562
0.0524613
0.0524613
0.0524613
-2.54368e-24
0.0524613
-8.73836e-25
-5.1217e-25
-3.00191e-25
-1.62413e-25
0.0489193
-5.57941e-26
-3.27018e-26
-1.91671e-26
0.0489193
-6.1142e-27
-3.58364e-27
-2.10043e-27
-1.2311e-27
-7.21566e-28
-4.22922e-28
-2.47882e-28
-1.45288e-28
-8.51554e-29
-4.65836e-29
-2.73034e-29
0.0430996
-9.37963e-30
0.0430996
-3.22221e-30
0.0430996
0.0406798
-6.08243e-31
0.0406798
0.0406798
-1.2247e-31
-7.17817e-32
-3.95976e-32
-2.32088e-32
-1.36031e-32
-7.97298e-33
-4.6731e-33
-2.73898e-33
-0.01737
-9.4093e-34
0.0365731
0.0365731
-1.78931e-34
-1.04874e-34
-0.0164845
-3.60278e-35
0.0365731
0.0365731
0.0365731
-4.25181e-36
0.0348157
-1.38376e-36
-8.11046e-37
-4.75367e-37
-2.78621e-37
-1.63304e-37
-9.57154e-38
-5.61004e-38
-3.28814e-38
-1.92723e-38
-0.0149594
-6.28964e-39
-0.0149594
-2.1607e-39
-1.26642e-39
-7.42271e-40
-0.0149594
-2.54994e-40
-0.0142979
-8.34277e-41
-4.88983e-41
-2.86594e-41
-0.0142979
-9.84552e-42
-5.77055e-42
-3.38273e-42
0.0304293
-1.10983e-42
0.0304293
-3.81153e-43
0.0304293
0.0304293
0.0304293
-4.34403e-44
0.0292029
-1.54143e-44
0.0292029
-5.60519e-45
0.0292029
0.0292029
-1.4013e-45
-0
-0
-0
-0
0
0
-0.0126235
0
-0.0126235
0
0
-0.0121492
0
-0.0121492
0
0
0
0
-0.0121492
0
0
0
-0.0117093
0
0
0.0260528
0
0
-0.0117093
0
0
0.0131848
0
0.0251485
0.0251485
0
0.0251485
0
0
0
0.0251485
0
0
0
0
0
0.0243049
0
0
0.0243049
0
0
0
0
0
0
0
0
0
0
0
0
0
0.0227769
0
0.0227769
0
0.0220827
0
0
0
