0
0
0
0
0
0
-0.301497
-0.4
-0.31612
-0.4
-0.320191
-0.4
-0.321499
-0.4
-0.321939
-0.4
-0.322089
-0.4
-0.4
-0.4
-0.4
-0.4
-0.309728
-0.4
-0.3183
-0.4
-0.4
-0.313865
-0.4
-0.4
-0.162613
-0.080574
-0.138355
-0.0318978
-0.019334
-0.0115633
-0.0068595
-0.124649
-0.00238329
0.0736007
0.189785
0.189917
0.189994
-8.29036e-05
0.0625448
0.15077
6.23749e-06
0.150587
0.15059
0.150591
0.150592
-7.69917e-07
-4.51262e-07
0.150593
-1.55023e-07
0.150593
0.12468
-2.34105e-08
-1.37213e-08
-8.04227e-09
0.12468
0.12468
0.12468
-9.49106e-10
0.12468
0.106375
0.106375
-8.96068e-11
-5.25201e-11
-3.07829e-11
-1.80424e-11
-1.05749e-11
0.106375
0.106375
-2.12927e-12
-1.04e-12
-6.0956e-13
-3.57273e-13
0.0927572
0.0927572
-7.19371e-14
0.0927572
-2.47128e-14
-1.24153e-14
-7.27683e-15
-4.26507e-15
0.0822302
0.0822302
0.0822302
-4.40424e-16
0.0738491
0.0738491
0.0738491
0.0738491
0.0738491
-1.78556e-17
-1.04655e-17
0.0738491
-3.59524e-18
-2.10723e-18
-1.23508e-18
-6.43469e-19
-3.77148e-19
-2.21052e-19
-1.29563e-19
-7.59388e-20
-4.4509e-20
-2.60875e-20
-1.52903e-20
-8.0657e-21
-4.72744e-21
-2.77083e-21
-1.62403e-21
-9.51872e-22
-5.57908e-22
0.0240347
0.0567671
4.73688e-06
0.0565562
9.03558e-10
0.0565562
1.72349e-13
2.38032e-15
3.01352e-17
4.16197e-19
5.74684e-21
7.86238e-23
6.48538e-25
-2.47375e-25
-1.53657e-25
-8.32435e-26
0.0190156
0.000289798
4.00814e-06
5.53577e-08
0.0489193
1.05592e-11
1.45834e-13
2.01412e-15
2.58302e-17
3.56742e-19
4.92698e-21
0.0458254
0.0458254
1.20736e-26
1.43434e-28
-1.16839e-29
0.0430996
-4.80718e-30
0.0430996
0.0430996
-9.07514e-31
-5.31909e-31
-3.11761e-31
-1.82728e-31
-1.071e-31
-6.27731e-32
-3.67924e-32
-2.15646e-32
-1.26394e-32
-7.40815e-33
-4.34204e-33
-2.54494e-33
-1.49163e-33
-8.74271e-34
-4.82282e-34
0.0385173
-1.6568e-34
-9.71077e-35
-5.69164e-35
-3.33597e-35
-0.0164845
-1.08235e-35
-6.34381e-36
-3.71821e-36
-2.17931e-36
-1.27733e-36
-7.48663e-37
-4.38804e-37
-2.5719e-37
-1.4281e-37
-8.37032e-38
-4.90598e-38
0.0332195
-1.6011e-38
0.0332195
0.0332195
-3.22381e-39
-1.88953e-39
0.0332195
0.0317632
0.0317632
0.0317632
-1.24476e-40
-7.29572e-41
-4.2762e-41
-2.50636e-41
-1.46898e-41
-8.21862e-42
-4.81766e-42
-2.82362e-42
-1.65493e-42
-9.69699e-43
-5.68927e-43
-3.33509e-43
-1.9478e-43
-1.14906e-43
-6.72623e-44
-0.0131363
-2.24208e-44
-0.0131363
-7.00649e-45
-4.2039e-45
-2.8026e-45
-1.4013e-45
-1.4013e-45
-0.0126235
-0
-0
-0.0126235
0
0
0
-0.0121492
0
0
0
0
0
0
0
0
0.0260528
0
0.0260528
0.0260528
0
0
0
0.0260528
0
0
0
0
0
0
0
0
-0.0113001
0
-0.0109186
