0
0
0
0
0
0
-0.301497
-0.4
-0.31612
-0.4
-0.320191
-0.4
-0.321499
-0.4
-0.321939
-0.4
-0.322089
-0.4
-0.4
-0.4
-0.322158
-0.4
-0.4
-0.168725
-0.0921764
-0.0597222
-0.0373097
-0.022746
-0.0136531
-0.125744
-0.0047978
-0.124323
-0.00166128
-0.089617
-0.000286337
-0.000167877
-9.84124e-05
-0.089432
-3.38134e-05
-0.0894158
-1.16166e-05
-0.0700444
-2.66052e-06
-0.0700428
-9.13981e-07
-0.0700422
-3.13983e-07
-1.84031e-07
-0.0575721
-4.74154e-08
-2.7791e-08
-0.057572
-9.54711e-09
-5.59572e-09
-0.057572
-1.92231e-09
-0.0488712
-5.28302e-10
-0.0488712
-1.81489e-10
-1.06374e-10
-6.23474e-11
-0.0488712
-2.14184e-11
-1.25537e-11
-7.35792e-12
-0.042455
-2.1064e-12
-1.2346e-12
-7.23619e-13
-0.042455
-2.48587e-13
-0.042455
0.0822302
-4.29026e-14
-2.51459e-14
-1.47384e-14
-8.63845e-15
-5.06314e-15
-0.0375281
0.0822302
0.0822302
-5.97525e-16
-3.50219e-16
-2.05269e-16
-1.20312e-16
0.0822302
-4.1331e-17
-0.0336258
0.0738491
0.0738491
0.0738491
-2.50153e-18
-1.46619e-18
-8.59356e-19
0.0738491
0.0738491
0.0738491
0.0738491
-5.9442e-20
-3.48399e-20
0.0670185
-1.06388e-20
-6.23559e-21
0.0263533
0.000418327
5.78949e-06
7.99612e-08
1.10435e-09
0.0670185
2.10649e-13
0.0670185
0.0670185
5.54902e-19
0.0613444
0.0613444
0.0613444
0.0613444
0.0613444
-1.08859e-24
0.0613444
-3.73967e-25
-2.19188e-25
0.0613444
-6.8453e-26
-4.01215e-26
-2.35159e-26
0.0565562
-8.07847e-27
0.0565562
0.0565562
-1.6266e-27
-9.53378e-28
-5.58791e-28
0.0565562
-1.91963e-28
0.0524613
0.0524613
0.0524613
0.0524613
0.0524613
0.0489193
-3.85971e-30
-2.26224e-30
-1.32594e-30
-7.77155e-31
0.0458254
-2.47908e-31
-1.45303e-31
-8.51646e-32
0.0458254
-2.92568e-32
-1.71479e-32
-9.38063e-33
-5.49814e-33
-3.22255e-33
-1.88879e-33
-1.10705e-33
-0.0194606
-3.80309e-34
0.0406798
0.0406798
-7.17893e-35
-4.20769e-35
-2.4662e-35
-1.44548e-35
-8.4722e-36
-4.6736e-36
-2.73927e-36
-1.60553e-36
-9.4103e-37
-5.51554e-37
-3.23275e-37
-1.89477e-37
0.0365731
-6.14753e-38
-0.0164845
-2.11188e-38
-1.23781e-38
-7.25499e-39
-4.25227e-39
-2.49233e-39
-1.46079e-39
-8.56196e-40
-4.75419e-40
-2.78651e-40
0.0348157
0.0348157
-5.61066e-41
0.0348157
0.0348157
-1.07325e-41
-6.29043e-42
0.0332195
-2.1608e-42
-1.20652e-42
-7.06254e-43
-4.14784e-43
0.0317632
0.0317632
-8.40779e-44
-4.62428e-44
-2.8026e-44
0.0304293
0.0304293
0.0304293
-2.8026e-45
-1.4013e-45
-1.4013e-45
-0
-0
-0
-0
0
0
0
0
0
0.0280715
0
0
0
0.0270245
0
0
0
0
0
-0.0117093
0
0
0
0
0
-0.0113001
0
0
-0.0113001
0.0243049
0.0243049
0.0243049
0.0243049
0
0
0
0.0243049
0.0235161
0
0
0
0
0
0
-0.010562
0
-0.0102279
0
0.0120015
0
-0.00991434
0
0
0.0220827
0
0.0220827
0
0.0220827
0
0
0
0.0214296
0.0214296
0
0
0
0
0
0
0
0
0
0
0
0
0
0
-0.00907926
0
0
-0.00907926
0
0
0
0
0
-0.0088313
0
-0.0088313
0
-0.0088313
0
-0.00859653
0
-0.00859653
0
-0.00859653
0
-0.00837392
0
-0.00837392
0
