0
0
0
0
0
0
-0.301497
-0.4
-0.31612
-0.4
-0.320191
-0.4
-0.4
-0.314296
-0.4
-0.319631
-0.4
-0.321314
-0.4
-0.321876
-0.4
-0.322067
-0.4
-0.4
-0.4
-0.4
-0.4
-0.309727
-0.4
-0.4
-0.4
-0.307997
-0.4
-0.317819
-0.4
-0.188065
-0.127285
-0.149735
-0.055273
-0.133156
-0.0208824
-0.0921551
-0.003749
-0.0903567
-0.00129588
-0.0897341
-0.000446125
-0.000261602
-0.0700967
-5.99427e-05
-3.51356e-05
-2.05943e-05
-1.20709e-05
-7.07506e-06
-0.0700441
-2.43054e-06
-1.42459e-06
-8.34975e-07
-4.89393e-07
-2.86842e-07
-1.68123e-07
-9.85395e-08
-5.77557e-08
-3.38516e-08
-1.9841e-08
-1.16291e-08
-6.81602e-09
-3.99498e-09
-2.34153e-09
-1.37241e-09
0.150593
0.150593
0.150593
-1.21473e-10
-7.11975e-11
-4.173e-11
0.12468
-1.43356e-11
-6.72189e-12
0.106375
-2.30919e-12
-1.35345e-12
-7.93282e-13
-3.87463e-13
-2.27099e-13
-1.33106e-13
-7.80158e-14
-4.57263e-14
-2.6801e-14
-1.57085e-14
-9.20701e-15
-5.39638e-15
-3.16291e-15
-1.589e-15
0.0326535
0.000537528
7.44356e-06
1.02807e-07
0.0822302
0.0822302
2.36947e-13
0.0738491
0.0738491
0.0738491
0.0738491
-2.28517e-18
0.0670185
0.0670185
0.0670185
0.0670185
0.0670185
-7.412e-20
0.0613444
0.0613444
-1.49241e-20
-8.74725e-21
0.0613444
0.0613444
0.0565562
0.0565562
-5.50046e-22
0.0524613
0.0524613
0.0524613
-5.95041e-23
0.0524613
0.0524613
0.0489193
-6.48218e-24
0.0489193
0.0489193
0.0489193
0.0458254
0.0458254
0.0458254
-1.43029e-25
0.0458254
0.0430996
-2.68791e-26
0.0430996
-9.23384e-27
0.0430996
0.0430996
-1.85924e-27
0.0430996
-5.98789e-28
-3.5096e-28
0.0406798
0.0406798
-7.06659e-29
-4.14185e-29
0.0157306
0.000235525
0.0385195
0.0385173
5.84655e-10
8.0747e-12
0.0385173
0.0365731
0.0365731
0.0365731
0.0348157
0.0348157
0.0348157
0.0348157
0.0348157
1.8175e-30
0.0348157
-1.97623e-33
0.0348157
0.0332195
0.0332195
-2.60576e-34
0.0127856
0.0333636
2.60531e-06
0.0332195
0.0317632
6.53666e-12
0.0317632
0.0317632
0.0317632
2.37828e-19
0.0317632
4.53645e-23
6.26532e-25
8.65307e-27
0.0304293
0.0304293
2.17594e-32
0.0304293
4.14125e-36
0.0304293
-2.3867e-39
-1.85197e-39
-1.09173e-39
-6.12142e-40
-3.58788e-40
-2.10291e-40
-1.23255e-40
-7.22425e-41
-4.23416e-41
0.0292029
-1.45455e-41
-8.5255e-42
-4.99703e-42
-2.92871e-42
-1.71659e-42
-1.00613e-42
-5.89947e-43
0.0112114
0.000163902
0.0292047
2.99854e-08
4.14131e-10
0.0280715
0.0280715
0.0280715
1.44649e-17
1.99776e-19
2.75911e-21
0.0270245
0.0270245
7.26858e-27
1.00387e-28
0.0270245
1.84118e-32
2.54286e-34
0.0260528
4.85039e-38
6.69889e-40
9.25137e-42
1.27518e-43
1.4013e-45
0.0251485
0
0
0.0251485
0
0
0
0
0.0243049
0
0.0243049
0
0
0.0235161
0.0235161
0.0235161
0
0
0
0
0
0
0
0
0
0
0
0
0
0
0
0
0
0
0
0
0.0214296
0.0214296
0
0
0
0
0
0.0214296
0
0
0.020814
0
0.00794903
0.000114263
1.57898e-06
2.18076e-08
3.01186e-10
4.03735e-12
5.57601e-14
7.70105e-16
1.0636e-17
1.46894e-19
0.0196831
2.72187e-23
3.75919e-25
5.19184e-27
7.17048e-29
9.90318e-31
0.0191626
1.83651e-34
2.53642e-36
3.50306e-38
4.8381e-40
6.68139e-42
9.24857e-44
1.4013e-45
0
0
0
0
0
0
0
0.0181999
0.0181999
0.0181999
0
0.00693939
0.018286
1.37122e-06
1.89382e-08
0.017754
3.51974e-12
4.86113e-14
6.71373e-16
9.27237e-18
1.28061e-19
1.72444e-21
2.38164e-23
3.28929e-25
4.54286e-27
6.27417e-29
8.66528e-31
1.16758e-32
1.61255e-34
2.2271e-36
3.07586e-38
4.24808e-40
5.86724e-42
8.12753e-44
-0.00741398
0
-0.00741398
0
-0.00741398
0
-0.00724781
0
0
