-1
-1
-1.0705
-1.02453
-0.985885
-1.06319
-0.978494
-1.02747
-0.988484
-1.07558
-0.997063
-0.957539
-1.02331
-1.01054
-0.992967
-1.02354
-1.02193
-0.9015
-0.900973
-0.974984
-1.01916
-0.978247
-1.03584
-0.998622
-1.03941
-0.788864
-0.96692
-0.805567
-0.876069
-0.832854
-0.653328
-0.632525
-0.651702
-0.584423
-0.577833
-0.457663
-0.514603
-0.493
-0.429001
-0.454465
-0.432558
-0.351468
-0.55281
-0.469818
-0.372432
-0.453056
-0.453153
-0.410131
-0.249671
-0.382572
-0.239605
-0.267329
-0.266632
-0.262506
-0.389928
-0.163005
-0.449476
-0.336732
-0.214432
-0.0380114
-0.182233
-0.0984734
-0.269026
-0.238222
-0.204294
-0.299117
-0.237295
-0.211571
-0.0756398
-0.337819
-0.264334
-0.140433
-0.108491
-0.200332
-0.330037
-0.103785
-0.223811
-0.00296277
-0.0284745
-0.123836
0.150965
-0.0534514
-0.153519
-0.207131
0.00141847
0.159124
-0.062511
-0.0833603
-0.10098
-0.0454056
0.0479904
-0.24403
0.0165765
-0.0445961
0.20593
0.0507598
0.176018
0.240908
0.0346067
-0.00542653
-0.0896819
-0.107735
-0.183724
0.227243
-0.0627962
-0.00821662
-0.0736501
0.0484017
0.055716
0.0865958
0.180423
0.138523
0.0992945
0.184993
0.152931
0.161318
0.0764114
0.0829561
0.141794
0.00743747
0.274781
0.371237
0.0113628
-0.0861438
-0.190495
0.185069
0.276064
-0.0767545
0.208221
0.0279975
-0.0206918
0.0226935
0.0804317
-0.283248
0.349482
0.0913416
0.164031
-0.0952425
0.129499
0.159699
0.214586
-0.0327685
0.218506
0.073693
0.0463661
0.323856
-0.0204511
0.193223
-0.016673
0.30494
0.117601
0.0963454
-0.0834814
-0.0878817
0.276629
0.216836
0.0592469
0.0422744
0.172069
0.0854706
0.171246
0.0188242
0.0746415
0.226786
0.245577
0.00379515
-0.0754941
-0.0548705
-0.205949
-0.0627136
-0.0303536
0.0339751
-0.217749
-0.00774103
0.0701485
-0.0457404
0.0298853
-0.0997894
0.150996
-0.20903
-0.148814
0.0407591
-0.161046
0.0386339
-0.105827
-0.0457841
0.21655
0.0890422
0.0117718
0.132272
-0.166724
0.118372
0.0726126
0.131536
0.27608
-0.0641158
-0.137332
0.0684991
0.110865
0.0739617
0.0680699
0.0446076
-0.0194175
-0.0016945
0.019865
0.244199
-0.134827
-0.148281
0.00499177
-0.00400758
0.237937
-0.118007
-0.189116
0.00840628
-0.000737607
0.210029
0.0801035
-0.0510885
0.0759476
0.120839
0.0479906
0.0781353
0.107018
0.0417743
0.0545945
0.0175633
0.125004
0.0365463
0.104435
-0.0411223
0.17397
0.0635849
-0.0270093
-0.177913
-0.191686
0.0196757
-0.346206
-0.418204
-0.145932
-0.191137
-0.0701827
-0.0612237
-0.207096
-0.0172999
-0.230069
-0.114539
-0.0234236
-0.26853
-0.311882
-0.0706252
-0.0451938
-0.174155
-0.0684693
0.0423412
0.021561
-0.177761
-0.0158626
0.000169635
0.266888
0.184216
0.00860822
0.178709
-0.0961351
0.0728476
-0.104947
0.183344
0.0803559
0.121005
-0.0281066
-0.135501
-0.179655
-0.0806897
-0.00119627
-0.19698
-0.146175
-0.0885809
-0.340272
-0.168482
-0.206486
-0.319557
-0.0835456
-0.147219
-0.149008
-0.163224
-0.0698299
0.0205332
-0.147731
0.0305321
-0.0352403
0.00520146
-0.00609213
0.0659121
-0.0485135
0.0323402
-0.262263
0.0230769
-0.12403
-0.179756
-0.279708
-0.246652
-0.124167
-0.00510919
-0.222591
-0.253437
-0.315001
-0.243159
-0.138075
-0.284371
-0.270174
-0.216746
-0.235202
-0.0429855
-0.0774899
-0.186051
-0.106109
-0.142831
-0.12539
-0.0700368
0.00532317
-0.00796092
-0.226076
-0.227119
-0.381752
-0.136405
0.0872495
-0.273968
0.00947094
0.0923177
