-1
-1
-1
-0.950895
-0.951154
-1.00581
-0.881125
-1.03217
-0.97616
-0.752278
-1.02577
-0.967068
-0.876496
-1.01817
-1.02227
-1.03041
-1.08204
-0.995398
-1.0269
-0.995972
-1.20035
-0.889738
-0.927916
-0.990445
-1.00269
-0.929188
-0.805749
-0.83205
-0.631208
-0.520936
-0.626238
-0.451968
-0.509422
-0.275118
-0.179023
-0.249833
-0.124886
-0.168987
-0.125718
-0.117888
-0.0780917
-0.0533611
-0.0304773
-0.00728989
0.122761
-0.0609339
-0.155729
0.285892
-0.0985702
0.100969
0.275309
0.191079
0.14317
0.200342
0.287242
0.0241834
0.00551152
0.0177388
0.169284
0.250694
-0.00880742
-0.0112182
0.0476264
0.0624747
0.101904
0.027258
-0.140158
-0.0622762
0.119487
-0.170303
0.0847799
-0.00420725
-0.0971001
-0.149205
-0.0690911
-0.0793387
-0.0671616
0.175881
-0.0721542
0.0145953
0.0855842
0.164253
-0.0239782
0.0393821
0.126073
-0.0665149
0.0209233
0.198495
-0.0718647
0.178296
0.0408649
0.184754
0.105286
0.153933
0.023403
0.0711654
-0.0154656
-0.0885493
-0.0303916
0.0497783
0.0237285
-0.0260488
-0.100935
-0.0225108
-0.23685
-0.103057
0.141937
0.0798261
0.0411104
-0.0251237
0.131407
0.036026
0.0723529
-0.0268359
0.106045
0.0311116
-0.0961755
0.0181931
0.0634841
-0.212596
-0.0924498
0.133128
-0.149905
-0.0156165
-0.0104983
0.180474
0.0669991
-0.113288
0.102571
0.183872
0.0940199
0.0303531
0.126982
0.196871
-0.0392281
-0.0826122
0.0868675
-0.0284998
0.10634
-0.0195988
-0.199784
-0.148387
-0.0278102
-0.101525
0.0419143
-0.105418
0.137198
-0.0279521
-0.104768
-0.0388678
-0.141242
-0.0532694
0.082884
-0.0729361
-0.0975124
0.023077
-0.10339
0.0963809
0.140309
-0.173996
-0.0383241
0.0754176
0.143201
0.225888
0.289534
0.302653
0.270425
0.147813
0.323653
0.135145
-0.0776019
0.294785
0.0783269
0.192577
0.139277
0.243777
0.229102
0.188379
0.0532159
-0.137681
0.0157984
0.0715681
0.0334947
0.0628114
-0.220431
-0.0208632
-0.385063
-0.260767
-0.189897
-0.360209
-0.497375
-0.326677
-0.529041
-0.516308
-0.660943
-0.481081
-0.55119
-0.602581
-0.561815
-0.714361
-0.526494
-0.594398
-0.718835
-0.579042
-0.627281
-0.418673
-0.559343
-0.44246
-0.548753
-0.475828
-0.423937
-0.451607
-0.566298
-0.434155
-0.303011
-0.534636
-0.399917
-0.492372
-0.48221
-0.482171
-0.350167
-0.571771
-0.463559
-0.476621
-0.472452
-0.422667
-0.430767
-0.365419
-0.400134
-0.23954
-0.215035
-0.228268
-0.254356
-0.266681
-0.116666
-0.230728
-0.0536733
-0.154777
-0.0990881
-0.1308
0.145649
-0.0374916
0.0542893
0.241214
-0.0565478
0.110412
-0.124494
0.139162
0.313819
-0.0207838
0.145756
-0.237156
0.16978
-0.0140425
-0.096165
0.0396888
-0.118738
0.0709809
-0.128393
-0.123663
-0.221423
-0.366775
-0.320765
-0.254468
-0.128193
-0.316349
-0.497463
-0.263895
-0.292601
-0.377887
-0.673742
-0.466978
-0.606412
-0.639381
-0.567758
-0.51008
-0.531319
-0.398249
-0.295616
-0.529214
-0.262803
-0.397974
-0.226251
-0.195767
-0.0985975
-0.361509
-0.323461
-0.242101
-0.258293
-0.174623
-0.117658
-0.122288
-0.0178877
0.0413529
