-1
-1
-1.0352
-0.92192
-1.07381
-0.854582
-1.241
-1.11348
-0.85421
-1.08195
-1.10548
-0.972406
-1.12712
-0.892631
-1.26021
-0.885708
-0.938757
-1.04297
-0.86849
-1.1837
-0.880128
-0.903352
-0.949505
-0.931757
-1.03668
-0.997552
-0.785592
-0.685204
-0.82122
-0.674599
-1.01262
-0.603742
-0.660439
-0.638587
-0.505423
-0.456236
-0.342993
-0.468535
-0.353778
-0.644458
-0.624942
-0.545249
-0.387198
-0.390345
-0.450698
-0.364139
-0.30583
-0.26432
-0.40319
-0.347673
-0.408361
-0.302493
-0.134605
-0.306262
-0.262304
-0.366073
-0.634211
-0.317825
0.0514681
-0.126364
-0.164429
0.0657316
-0.193461
-0.207149
-0.22643
-0.320212
-0.0650817
-0.0612199
-0.142848
-0.015679
0.101598
-0.141012
-0.148611
0.0820534
-0.0481358
0.23593
0.0446646
-0.077176
0.0181632
-0.00594473
-0.358579
-0.127392
0.0517317
-0.317719
-0.115021
-0.299198
0.029103
0.00174451
0.0592604
-0.0120098
0.0283878
-0.194988
-0.0019213
0.0340225
-0.192194
-0.221492
-0.105449
-0.0126944
0.359324
-0.120524
-0.208018
0.349169
0.155259
0.0666896
0.0991395
0.1183
0.193217
-0.0565278
0.238339
0.445107
0.267641
0.328366
0.219087
-0.00276059
-0.105832
0.467974
-0.0443698
0.105823
0.183661
-0.120715
0.259891
0.326093
0.288144
0.0378999
0.188351
0.177583
0.384955
0.369446
0.173922
0.287373
0.178249
0.278381
0.244727
0.332925
0.150568
0.331517
-0.162635
0.101653
-0.0983469
0.130342
0.186334
-0.169386
-0.0798952
0.0554199
0.0969762
0.101857
-0.147166
0.0409199
0.187605
0.113959
0.151177
-0.27675
0.245224
-0.00674373
-0.127253
-0.0727062
0.0255032
0.0237215
-0.138058
0.156198
-0.135323
0.12209
0.0598317
-0.000885248
-0.0964385
-0.036823
-0.0676345
0.365167
-0.269937
0.0294021
-0.184675
-0.267634
-0.106866
0.202113
0.0185719
0.338699
0.0711216
-0.262405
0.293959
-0.0328102
-0.183312
0.119562
0.169634
-0.0619115
0.0959618
0.0996073
0.0130657
0.0244411
0.36697
0.0496905
0.113499
0.113934
-0.177391
0.137279
0.262233
-0.0401713
-0.17648
0.0296975
0.00854981
-0.233055
-0.103135
-0.282866
0.0791659
-0.114022
-0.121942
-0.194088
-0.190611
-0.155215
-0.19736
-0.167449
-0.266732
0.158165
-0.093285
-0.128009
-0.0570963
-0.115541
-0.0724609
-0.10017
-0.0605438
0.105184
0.289884
0.170376
-0.0493622
-0.0543969
-0.00967085
0.0638138
0.122353
0.131737
0.0714654
0.117792
-0.0173392
-0.36781
0.0464013
0.30544
0.0952213
-0.0776283
0.00253153
-0.0847541
-0.0300148
0.140127
-0.113635
-0.102584
-0.100249
-0.301459
-0.2065
-0.496977
-0.329398
-0.359886
0.0447569
-0.509221
-0.0930037
-0.117251
-0.333675
-0.103536
-0.126244
-0.196441
0.2351
-0.106359
-0.0362033
-0.307976
-0.233831
-0.269216
-0.467738
-0.0618412
-0.331882
-0.247289
0.00643289
-0.22353
-0.343348
0.0774264
-0.111914
-0.06096
-0.045468
-0.181552
-0.0647652
-0.211189
-0.404709
-0.177573
-0.346384
-0.276286
-0.27684
-0.107748
-0.361595
-0.305023
-0.396577
-0.290291
-0.190784
-0.0190142
-0.0690935
0.118145
-0.281521
-0.128341
-0.274671
-0.243887
0.0512673
-0.0086503
-0.138894
0.0123847
0.0283393
0.0792654
-0.0430127
-0.342106
-0.075794
-0.0813523
-0.175896
0.163029
-0.0986753
-0.252336
-0.130977
-0.294749
-0.341177
0.0212958
0.212662
-0.306147
-0.104786
0.213722
-0.240088
-0.37434
0.0509174
0.254002
0.277531
0.000496984
0.553395
0.163867
0.264929
0.0140208
0.0939244
0.00444138
0.127721
-0.264514
-0.0083347
-0.323809
-0.245586
-0.346625
-0.322335
-0.374551
