-1
-1.05804
-0.916016
-0.988037
-0.993447
-0.770586
-1.00443
-1.0761
-0.990326
-1.05449
-0.976028
-0.999434
-1.01127
-0.846064
-0.979336
-1.12033
-0.970412
-0.953188
-0.75415
-0.990447
-0.808828
-0.788307
-0.67778
-0.721514
-0.678853
-0.677397
-0.634579
-0.577279
-0.493003
-0.400372
-0.0418932
-0.398157
-0.252527
-0.175962
-0.0203407
-0.227542
0.0515777
0.0122223
-0.338817
0.0639224
-0.414404
-0.336608
-0.0703472
-0.0972643
-0.157366
-0.13776
0.198001
-0.214038
-0.214419
0.100323
-0.150614
-0.104734
-0.173584
-0.199738
-0.145932
-0.413165
-0.156643
-0.0818554
0.350403
0.0358227
0.129015
0.136713
-0.00350428
0.0277892
0.159734
-0.237414
-0.0749304
0.0602585
0.0193826
0.0225961
0.136112
0.0622137
-0.0944855
0.0667278
0.150942
0.179698
-0.132905
0.0689303
0.00880468
-0.189932
-0.0323524
0.123137
-0.0752811
0.0733507
-0.364869
-0.251009
-0.187936
0.268626
0.0336783
0.162549
0.140679
0.469304
-0.17022
-0.0183347
0.175031
-0.0267201
0.00354362
0.00169849
0.413901
-0.133825
-0.176309
-0.155318
0.0567206
0.0964148
-0.098705
-0.0679332
0.21324
-0.0611865
0.320586
-0.0252328
0.237516
-0.0375304
-0.102778
0.267424
0.0313934
-0.0413035
0.210543
0.109306
0.265321
0.495461
0.280736
0.0811344
-0.157999
0.130375
0.351043
0.0163906
0.25606
-0.19225
0.28959
0.484738
0.0381477
0.174609
0.229895
-0.0753935
-0.284103
0.040307
-0.0175039
-0.0189937
-0.0429386
-0.066668
-0.131166
-0.0329674
0.037641
0.167624
-0.138967
-0.0925509
0.0112264
-0.222843
-0.156789
0.0528628
-0.518418
0.0822052
-0.0761797
-0.500686
-0.191543
-0.195488
0.341379
-0.131332
-0.0320446
0.143568
0.299793
0.0528139
0.0331875
0.030077
0.0362796
0.0165377
-0.213932
-0.186951
-0.329471
-0.19739
0.2221
-0.0439944
0.0167475
0.000923157
-0.291693
-0.101207
-0.208578
0.0810422
-0.299919
0.0772867
-0.120308
-0.377874
-0.192144
-0.317751
-0.420757
-0.121732
-0.164988
-0.152144
-0.166819
-0.0863767
-0.30418
0.0362309
-0.522464
-0.320423
-0.0436128
-0.116984
-0.335249
-0.174436
-0.139739
-0.269343
-0.168921
-0.0735492
-0.224235
0.031504
0.0678663
-0.0978041
0.235153
0.213269
-0.208664
0.106803
0.109867
-0.108657
-0.257979
-0.228316
-0.309014
-0.331805
-0.462342
-0.098325
-0.296243
-0.424012
-0.514794
-0.457982
-0.35078
-0.340977
-0.404485
-0.356573
-0.465835
-0.456735
-0.344663
-0.527663
-0.38588
-0.439092
-0.437418
-0.448763
-0.239003
-0.263566
-0.131113
-0.404217
0.0340818
-0.27762
-0.148346
-0.409425
0.0850356
0.511697
-0.335603
0.177969
0.175665
0.104971
0.579975
0.304283
0.16639
0.312304
0.0550816
0.270092
0.354706
0.027607
-0.370889
-0.422995
-0.264941
-0.149095
-0.636534
-0.796316
-0.969727
-0.61017
-0.682122
