-1
-1
-1.01629
-1.09957
-1.01002
-0.964716
-1.09754
-1.04145
-0.965187
-1.04165
-1.03763
-1.01294
-0.957922
-1.04283
-1.01914
-1.02271
-0.938971
-0.70646
-0.696108
-0.552053
-0.468751
-0.470838
-0.300287
-0.286127
-0.227774
-0.139556
-0.033837
-0.0758255
0.101166
0.0698268
0.127357
0.0469025
0.131277
0.212817
0.260558
0.226304
0.188565
0.271248
0.206093
0.188824
0.102265
0.106738
-0.00916708
0.0692743
0.0376308
0.0412289
-0.119657
-0.15064
-0.210886
-0.149518
-0.0903965
-0.158805
-0.140107
-0.133807
-0.148064
-0.165142
-0.0399408
-0.065131
-0.0433375
-0.0529717
-0.112349
-0.0818349
0.0492681
0.0695692
0.0854726
0.0965383
0.00137079
0.0350343
0.0874436
0.101545
0.144776
0.10787
0.0348716
-0.0597174
0.0223349
0.00823259
0.0714657
-0.0471817
-0.133358
-0.0340381
-0.198239
-0.140611
-0.150475
-0.244808
-0.122088
-0.243217
-0.182811
-0.115807
-0.204886
-0.178577
-0.16147
-0.107148
-0.0933016
-0.0742058
-0.103981
-0.0653348
-0.111978
-0.0406685
-0.00990927
-0.0304577
0.0388662
-0.00010556
-0.00227237
0.145498
0.147828
0.0595435
0.235627
0.167916
0.121002
0.229113
0.176386
0.176931
0.0108724
-0.0754848
-0.0104835
-0.0722687
-0.0914466
-0.366533
-0.402995
-0.403727
-0.327036
-0.240812
-0.376281
-0.251545
-0.247171
-0.37365
-0.259181
-0.202125
-0.215663
-0.187446
-0.200506
-0.157853
-0.154597
-0.140229
-0.119062
-0.118369
-0.081128
-0.186535
-0.10738
-0.083569
-0.109154
-0.179833
-0.0757046
-0.0462866
-0.00907797
-0.00648785
0.0446855
-0.052855
0.0790995
0.130746
0.0664836
0.15643
0.148796
0.172421
0.268468
0.32581
0.259682
0.0999846
0.0980402
0.0486391
-0.263076
-0.22674
-0.256924
-0.44921
-0.458117
-0.563517
-0.815893
-0.653814
-0.663469
-0.712022
-0.660843
-0.697313
-0.699644
-0.587853
-0.576653
-0.566318
-0.515389
-0.539706
-0.579064
-0.540016
-0.522901
-0.437853
-0.420328
-0.423147
-0.477688
-0.475323
-0.293422
-0.267732
-0.288443
-0.234531
-0.207124
-0.101976
-0.0039115
0.019334
0.0232434
0.178497
0.212222
0.0717261
0.228826
0.243658
0.43443
0.184031
0.126088
0.100255
-0.0746808
-0.255327
-0.358754
-0.44599
-0.507409
-0.669094
-0.716545
-0.905083
-0.880831
-0.808055
-0.915265
-0.895414
-0.975667
-0.820501
-0.873417
-0.829138
-0.849284
-0.829892
-0.725495
-0.59612
-0.426683
-0.40132
-0.275068
-0.139479
-0.137357
