-1
-1
-1
-1.03203
-0.987743
-1.02191
-0.824282
-0.843666
-0.987891
-1.13962
-1.07764
-0.997417
-1.02862
-1.10858
-0.971572
-0.818675
-0.838702
-1.11246
-0.957372
-0.972389
-1.03517
-0.852942
-1.09198
-0.917145
-0.780303
-0.899643
-1.0279
-0.826041
-0.877459
-0.801065
-0.614753
-0.824829
-0.860345
-0.737938
-0.701028
-0.783659
-0.636771
-0.426747
-0.267369
-0.38344
-0.401217
-0.487303
-0.385736
-0.455132
-0.255673
-0.221777
-0.445846
-0.314602
-0.3657
-0.0703555
-0.0804545
-0.16392
-0.335082
-0.321434
-0.0957419
-0.185206
-0.0699837
-0.0796767
-0.430178
-0.0397108
-0.133145
0.0887744
-0.342056
-0.130532
0.0374771
0.132357
-0.0799922
-0.0611389
0.0446305
0.0515565
-0.0638704
-0.150839
0.0151062
-0.234352
0.208744
-0.0445492
0.0679576
0.233501
0.344192
0.176004
0.0174651
-0.223399
-0.0624962
-0.092212
-0.0442541
-0.434023
-0.292335
-0.16945
-0.105333
-0.255088
-0.12473
0.149891
-0.167103
-0.205476
0.137727
0.118632
0.15704
0.115673
-0.034623
-0.0932419
0.119978
0.101049
0.0668131
0.28744
0.134733
0.131806
0.273759
-0.117632
0.136016
0.238922
0.0687907
-0.17388
0.0272267
0.190709
0.125294
0.197271
-0.236893
0.0493941
0.129806
-0.221376
0.350207
0.0524623
-0.0281723
-0.0308712
0.0849919
-0.192625
-0.328502
0.0324155
-0.051868
-0.391955
0.324293
0.265855
-0.0746018
0.0155747
-0.271924
-0.382266
-0.289547
-0.0819308
-0.393582
-0.253353
-0.0366981
-0.0870332
0.0766802
0.0483809
-0.171074
0.116607
0.14438
0.0122049
-0.119341
0.0480967
-0.0654265
0.136753
-0.051929
-0.148257
0.174251
-0.1912
-0.269472
-0.262131
-0.233488
-0.0856957
-0.0879529
-0.0958784
0.0173876
-0.175532
-0.176314
-0.0670682
0.0764179
-0.158729
-0.134736
0.0407599
-0.519833
0.275807
-0.34505
-0.282483
0.120578
-0.114917
-0.131711
-0.0277369
-0.21416
-0.256774
-0.11959
-0.0218216
-0.251191
-0.0931478
-0.378796
-0.105388
0.0125806
0.0135063
-0.460533
0.0515268
-0.244563
-0.42346
0.103214
-0.130494
-0.0559696
-0.087989
-0.129008
-0.109064
-0.418075
-0.344219
-0.16043
-0.00643468
-0.261062
-0.441428
0.000395179
-0.280873
-0.29488
-0.185202
-0.123603
-0.0375417
-0.224228
-0.141189
-0.070567
-0.0477149
-0.214062
-0.286865
-0.149054
0.00599599
-0.126223
-0.0172528
0.230371
0.187988
0.289702
0.137177
0.326171
-0.0705076
0.0498035
0.221398
0.0443752
0.168781
-0.0536894
0.0232278
-0.146038
-0.209333
0.627873
0.14361
-0.107456
-0.111182
-0.197163
-0.111391
-0.350336
-0.406753
-0.737182
-0.632729
-0.396416
-0.464005
-0.510836
-0.337459
-0.387218
-0.433223
-0.483649
-0.401578
-0.561861
-0.519326
-0.412115
-0.263132
-0.439604
-0.390367
-0.00616789
-0.451398
-0.367575
0.154878
0.05606
-0.10479
0.0794905
0.206574
0.132452
-0.0741477
-0.023638
-0.0953081
-0.176083
-0.0129508
-0.0934031
0.16272
-0.236946
0.0183361
-0.532483
0.092895
0.0146583
-0.3192
-0.162202
-0.286076
-0.0743398
-0.0662235
-0.115717
0.0339286
-0.312592
-0.0735514
0.000142336
