-1
-0.970707
-1.02613
-0.999979
-0.970725
-0.916965
-1.07397
-0.960736
-1.00555
-1.03245
-1.15728
-1.02008
-0.939595
-0.937193
-0.926625
-1.09488
-0.913713
-1.03454
-0.889215
-1.01962
-0.98612
-1.01549
-0.980268
-0.98435
-0.81822
-0.808499
-0.910538
-0.675137
-0.773945
-0.746634
-0.61472
-0.574341
-0.514658
-0.367828
-0.568929
-0.57569
-0.506273
-0.46166
-0.434821
-0.431437
-0.477209
-0.394697
-0.497818
-0.38323
-0.364718
-0.236213
-0.193745
-0.256497
-0.368851
-0.196007
-0.405185
-0.273342
-0.364709
-0.27775
-0.355994
-0.293602
-0.283133
-0.120359
-0.154779
-0.235199
-0.186097
-0.242073
-0.264504
-0.262016
-0.0683511
-0.140194
-0.185336
-0.131477
-0.185329
-0.115867
0.0194019
-0.0790654
-0.0986612
-0.0552673
0.0317116
-0.187265
-0.127919
-0.103811
-0.065537
-0.0547861
-0.0841196
-0.226963
-0.10509
0.0140414
-0.103588
0.0209757
0.0507356
-0.0862367
0.161775
0.0834769
0.106941
0.0813758
0.106443
0.0609448
0.0881929
-0.0661169
0.0995969
-0.129226
-0.0144088
-0.104183
-0.00625235
0.0864738
-0.0186358
-0.140622
0.3226
0.00863504
0.140507
0.163288
0.151834
0.258358
0.192361
0.128456
0.148169
0.142482
0.187077
0.00939715
0.118416
0.076884
0.0659263
0.0806201
0.120529
0.0476067
0.160414
-0.0608882
0.0455045
0.100099
-0.0874825
-0.107418
-0.0116653
0.0575644
-0.0976417
0.0246186
0.158632
0.104274
0.0654291
-0.00144154
0.280301
0.128639
0.0761634
-0.0240136
0.094461
0.0993468
0.00243282
0.0697329
0.0151571
-0.0840495
0.0740616
0.038725
-0.0541812
-0.0218622
0.0657053
0.0332391
-0.0755786
0.0703576
-0.0191621
-0.0413584
-0.129246
-0.110608
-0.0206202
-0.059796
0.0126653
0.0573738
-0.0110072
0.0747992
0.0804155
0.0604839
0.202189
0.20758
0.166314
-0.00235528
0.0997142
0.0431273
-0.0906249
-0.160078
0.115947
-0.0141438
0.0180252
-0.140084
-0.126582
0.02817
-0.0262619
0.0515
-0.0254076
-0.138139
0.05539
0.0197806
0.108697
-0.156826
0.0712277
0.114091
-0.0988472
0.092016
-0.0229309
0.0777436
0.0959694
-0.121894
-0.102673
-0.0432522
-0.18737
-0.113491
-0.00807941
-0.197985
-0.0373719
-0.0815617
-0.00654584
-0.143699
0.0220339
0.0327133
-0.0146549
0.227523
0.0439816
0.0976413
0.085717
-0.055179
-0.0930295
-0.0123645
0.0371202
4.93526e-05
-0.0137282
0.0689313
-0.0438449
0.128985
-0.0874427
0.0486126
0.0959823
0.117218
0.0285296
0.0802188
0.182328
-0.0802648
-0.0924988
0.128415
-0.16326
-0.0455978
-0.075386
-0.174934
-0.18468
0.00308275
-0.286046
-0.0186425
-0.0439487
-0.0797384
-0.0702542
-0.242052
-0.100556
-0.169975
0.104061
-0.106419
-0.0852259
-0.0502769
-0.0904239
-0.144106
0.0712682
-0.0444119
-0.0581885
-0.0869585
-0.0994049
0.0377947
0.185849
0.0424973
0.0336419
0.216379
0.118353
0.139714
0.100436
0.372942
0.244187
0.152363
-0.037273
-0.0603756
-0.0788733
-0.0572627
-0.0782274
-0.154088
-0.155628
-0.259764
-0.15942
-0.277109
-0.0728615
-0.0493491
-0.189657
-0.141413
-0.229836
-0.101212
-0.122209
-0.00670904
-0.218772
-0.158264
-0.0749205
-0.0720877
-0.076507
0.104832
0.038169
0.0725626
0.10362
0.233947
0.0816463
0.331479
0.133016
0.0584676
0.340455
0.168945
0.101716
-0.0689743
-0.0750042
-0.0735545
-0.281908
-0.1969
-0.210527
-0.344255
-0.314171
-0.320622
-0.432975
-0.347291
-0.471956
-0.516343
-0.366906
-0.480513
-0.570133
-0.323775
-0.387118
-0.431989
-0.378719
-0.392656
-0.421598
-0.469242
-0.370389
-0.353169
-0.252193
-0.355881
