-1
-1
-1
-0.90046
-1.11357
-0.968593
-1.11147
-0.937579
-0.991046
-1.04856
-0.913988
-1.0695
-1.21601
-0.95551
-0.909038
-1.02345
-0.895279
-0.940767
-1.09706
-0.962775
-1.08479
-1.01298
-0.840215
-0.967326
-0.840408
-0.892339
-0.827301
-0.72269
-0.68874
-0.576823
-0.502309
-0.57577
-0.554965
-0.315017
-0.389503
-0.355354
-0.334716
-0.229899
-0.204301
-0.219377
-0.161155
-0.288419
-0.0313708
-0.0849741
-0.0110183
-0.0500056
-0.129948
0.00242937
-0.148015
-0.107271
-0.083104
-0.0641298
-0.0458902
-0.174469
-0.0438269
0.102458
0.0279886
0.148551
0.00812829
0.026105
0.000457764
-0.00917304
0.143927
0.106799
0.102751
0.235912
0.127004
0.118818
0.172028
0.170901
-0.0161529
0.0165364
-0.0563281
0.0237384
-0.160541
-0.0468454
-0.0494437
-0.100068
-0.119818
-0.0297675
-0.116209
-0.242467
0.0819379
-0.000789881
-0.0952266
0.0334852
0.111876
-0.0610191
0.309332
0.211399
-0.0231956
0.048754
0.240282
0.0384482
0.287297
0.122509
0.352362
0.16818
0.162728
0.299347
0.278554
0.145805
0.224786
0.451715
0.135993
0.104781
0.123055
0.241289
0.0808816
0.221183
0.265388
0.135981
0.206824
-0.0179744
0.151518
0.0288818
-0.0364034
-0.0712986
-0.0398588
0.0819122
-0.0928215
0.0140822
-0.124333
-0.139791
0.0496032
0.0765153
-0.136384
-0.0422657
0.0516337
0.150912
0.0264221
0.0282117
0.0601518
0.20695
0.101673
0.00228226
0.123625
0.331077
0.249876
0.000534177
0.112956
0.196292
0.0606563
0.186514
0.0476938
-0.0794973
-0.0459737
-0.178918
0.0756223
0.0159506
-0.111475
-0.166081
-0.185821
-0.176154
-0.1562
0.00970614
-0.0929188
-0.120131
0.0394882
-0.0253527
-0.315646
-0.126683
-0.0294666
-0.0910079
0.074719
-0.162205
0.000404
0.19386
-0.0381546
0.0765187
0.0592892
0.105617
-0.0718856
0.108104
0.00211072
0.16426
0.173352
0.0596902
0.199796
0.096752
0.110168
0.0473822
0.0402052
0.147402
-0.0121921
0.0610338
-0.0175359
0.0181546
-0.106996
-0.0953127
-0.205078
-0.224852
-0.345766
-0.00907284
-0.192405
-0.201275
-0.055217
-0.104803
-0.187995
-0.102013
-0.162407
-0.184967
-0.177795
-0.065294
-0.127462
-0.153765
-0.175916
-0.0572111
0.0782199
0.12917
0.00966465
-0.0841882
0.119687
0.0697558
0.103389
-0.0707286
0.0588592
-0.0434054
0.0677474
0.114459
0.0369711
-0.0855521
0.0156621
-0.246947
-0.0887502
-0.16472
-0.288995
-0.218641
-0.0948306
-0.268714
-0.301128
-0.206561
-0.130851
-0.355864
-0.198281
-0.0522135
-0.221654
-0.223029
-0.13341
-0.193597
-0.327726
-0.166714
0.0431442
-0.211867
-0.0457461
-0.13308
-0.00782561
-0.092535
-0.125643
-0.284963
-0.0783323
-0.122996
-0.168517
-0.0410545
-0.0630732
0.0567009
0.108792
0.088491
-0.0782199
0.0655539
0.0568553
0.24997
0.147486
0.187372
0.00135326
-0.028754
0.0650927
0.122438
0.0701414
-0.220025
-0.444822
-0.423338
-0.420131
-0.515367
-0.311083
-0.519048
-0.522914
-0.734467
-0.358683
-0.512552
-0.456432
-0.518089
-0.351772
-0.368396
-0.45756
-0.30355
-0.354801
-0.324783
-0.312432
-0.290242
-0.337167
-0.276198
