-1
-1
-1.24436
-0.898598
-0.923107
-0.887438
-1.10338
-1.08838
-1.05912
-0.91529
-0.812834
-1.06526
-0.932504
-1.12221
-0.921245
-0.832305
-1.09185
-0.971568
-0.941335
-1.01487
-0.667719
-0.731318
-0.668057
-0.514908
-0.572036
-0.168244
-0.489699
-0.0931304
0.0258559
-0.108102
-0.0178818
0.26685
0.3189
0.25448
0.475627
0.346422
0.357329
0.478211
0.606427
0.332965
0.290199
0.459314
0.521487
0.0841966
0.267977
0.0970953
0.364529
0.227378
0.162314
0.28756
0.189152
-0.0103464
-0.0667765
-0.178089
-0.03142
-0.165823
-0.208227
-0.325526
-0.406996
0.0640891
-0.323826
-0.309428
-0.276534
-0.0211984
-0.270633
-0.106191
0.0928613
0.0347267
-0.208303
-0.163994
-0.136011
0.219664
0.235348
0.0965172
-0.0672545
-0.0625951
0.128091
0.127526
0.0895398
0.0238647
-0.124192
-0.268253
-0.170411
-0.309207
-0.154956
-0.289225
-0.309313
-0.40207
-0.158719
0.0132931
-0.201974
-0.226563
-0.173608
-0.240466
0.131549
-0.187534
0.22606
-0.184883
-0.0572532
0.107196
-0.0851309
-0.21636
-0.179786
-0.00439984
-0.0357015
-0.105445
0.060765
-0.102892
-0.0571095
-0.0865223
-0.0278752
0.0601294
-0.186767
-0.0492952
0.217365
0.0194547
0.174889
0.0268136
0.071703
0.20863
0.285451
0.40025
-0.0245506
0.0681367
-0.213502
0.0266863
-0.270007
-0.0770434
-0.307759
-0.385248
-0.461592
-0.370456
-0.695958
-0.646177
-0.826883
-0.666884
-0.607076
-0.603192
-0.613068
-0.434795
-0.490273
-0.595921
-0.785457
-0.500499
-0.61627
-0.346664
-0.281599
-0.317133
-0.494305
-0.483813
-0.417286
-0.522366
-0.152697
-0.320204
-0.362772
-0.0827897
-0.328001
-0.0527983
-0.37838
-0.165411
0.00347602
-0.360368
-0.185707
-0.300386
0.0174146
0.0439374
0.126873
-0.253555
-0.0698189
-0.00399292
-0.0106264
0.113349
-0.12064
-0.105657
-0.380007
-0.123454
-0.415462
-0.197993
-0.244103
-0.516241
-0.0525025
-0.270561
-0.162574
0.0683697
-0.076263
-0.0432333
-0.101078
0.0890443
0.11818
0.132966
-0.0313249
0.186302
0.118084
0.195746
0.352139
0.339616
0.0866256
-0.0881957
0.244567
-0.0741102
-0.165819
-0.205915
-0.217903
-0.462625
-0.593572
-0.740131
-1.03104
-0.820888
-0.696629
-0.752613
-0.70413
-0.851622
-0.788904
-0.606946
-0.876908
-0.680881
-1.09365
-0.711757
-0.974696
-0.885895
-0.8826
-1.03704
-0.639151
-0.9829
-0.675931
-0.970739
-0.814751
-0.727996
-0.732194
-0.310318
-0.18948
-0.195189
-0.206618
-0.168589
-0.236002
0.0764601
-0.298566
-0.140936
-0.149496
-0.0142621
0.0328254
