-1
-1
-1.03747
-0.916881
-1.07863
-0.845402
-1.25672
-1.12094
-0.845085
-1.08744
-1.1125
-0.970925
-1.13555
-0.885846
-1.27714
-0.878377
-0.934827
-1.04567
-0.859968
-1.19544
-0.872275
-0.897
-0.94602
-0.927113
-1.03879
-1.01749
-0.862563
-0.758674
-0.911862
-0.763411
-1.13111
-0.703584
-0.766546
-0.759884
-0.610586
-0.557939
-0.431807
-0.54476
-0.358951
-0.740109
-0.653395
-0.555603
-0.429697
-0.532259
-0.549385
-0.45942
-0.386747
-0.284657
-0.454547
-0.32757
-0.500303
-0.330671
-0.140627
-0.332093
-0.360517
-0.423366
-0.772808
-0.373683
0.0432011
-0.13087
-0.132565
0.0677671
-0.294763
-0.263991
-0.269513
-0.385076
-0.103248
-0.126406
-0.0917412
-0.00976884
0.237459
-0.153169
-0.249563
0.0584452
-0.136151
0.307718
0.0417269
-0.0708834
0.0355779
-0.0513186
-0.520743
-0.179713
0.000592709
-0.374548
-0.129743
-0.45985
-0.0694001
-0.0642955
0.0381043
0.0171187
-0.0304224
-0.289394
-0.00815934
-0.0701932
-0.312432
-0.165055
0.0543647
0.622694
-0.274316
-0.51147
0.394647
0.129211
-0.0184581
0.0496519
0.0710346
0.104074
-0.181952
0.196468
0.479667
0.247097
0.321034
0.15675
-0.0524916
-0.188326
0.489795
-0.145258
0.0180439
0.0164469
-0.299497
0.342735
0.33953
0.29337
-0.0815437
0.128276
0.114757
0.436148
0.41381
0.134258
0.208089
0.150858
0.319505
0.190154
0.332547
0.150042
0.308467
-0.350887
-0.0499578
-0.215756
0.0687689
0.202636
-0.177889
-0.0835382
0.0753442
0.100462
0.124727
-0.265369
0.0432831
0.272238
0.262777
0.0917225
-0.451266
0.381695
0.130064
-0.118043
-0.125174
0.0171442
0.00902712
-0.0475864
0.277841
-0.134519
0.175285
0.201814
0.204706
-0.120615
0.0176586
0.068784
0.595464
-0.337465
0.0988514
-0.164665
-0.35919
-0.187836
0.373409
-0.0249684
0.443658
0.0876424
-0.395007
0.379903
-0.0466186
-0.359317
0.157904
0.284028
0.00346994
0.176529
0.198643
0.104059
-0.0224103
0.586469
-0.00281918
0.0976586
0.141529
-0.219662
0.282879
0.343739
-0.0312054
-0.24077
0.162907
0.000422359
-0.0575052
-0.0207059
-0.260791
0.360964
-0.0196376
-0.141688
-0.190385
-0.139997
-0.155338
-0.133469
-0.0900353
-0.159951
0.448667
0.0231986
-0.124046
0.0461849
-0.120589
0.0192987
0.0183969
0.0778608
0.268433
0.455159
0.238801
0.0856304
-0.0446418
-0.150469
0.0245366
-0.0106706
0.0546232
0.125105
0.0332714
-0.142088
-0.539251
-0.0060153
0.409945
0.163643
-0.193161
0.116431
-0.160474
0.0910051
0.300166
-0.111362
-0.178032
-0.112546
-0.301219
-0.196708
-0.401535
-0.343655
-0.282991
0.142115
-0.525884
-0.105599
-0.0739694
-0.432563
-0.0740982
-0.0178691
-0.182814
0.411157
-0.0765839
0.053432
-0.400514
-0.194648
-0.367624
-0.511115
0.0305729
-0.304533
-0.230855
0.0441973
-0.295823
-0.428685
0.105689
-0.0381272
-0.0678181
-0.0673086
-0.182631
-0.227776
-0.40401
-0.0893735
-0.294679
-0.211119
-0.271226
-0.0972633
-0.247256
-0.233069
-0.298507
-0.254357
-0.172144
0.0689459
0.0469607
0.262725
-0.259276
-0.127801
-0.281638
-0.204776
0.0611304
0.138494
-0.103613
0.041782
0.0662565
0.0428706
-0.0728273
-0.502372
-0.134726
-0.166356
-0.209219
0.226959
-0.110951
-0.184477
-0.158311
-0.337942
-0.479316
0.0632625
0.333245
-0.426343
-0.163072
0.20222
-0.506858
-0.588945
0.0612761
0.306347
0.277198
-0.0947824
0.612671
0.0452375
-0.0874166
-0.0318314
-0.160822
-0.039549
-0.382294
0.00640798
-0.471907
-0.163411
-0.0769319
0.255712
-0.0854105
-0.308423
-0.170867
0.105171
-0.304228
-0.0891592
-0.419954
-0.379737
-0.350773
-0.436661
-0.0733525
-0.140786
-0.4164
-0.186389
-0.499461
-0.207366
-0.194402
-0.106866
-0.167608
-0.0136611
0.0774319
0.0352556
-0.0822901
-0.0198299
-0.172844
0.0949951
0.162967
-0.0660354
0.0719221
-0.0267909
0.0742986
-0.118931
