-1
-1
-1
-1.04355
-0.978625
-1.08681
-0.990235
-1.01228
-1.15884
-0.866451
-1.23757
-0.812497
-1.0038
-0.996694
-1.04882
-1.08372
-1.18722
-0.878119
-1.02209
-0.787668
-0.972265
-1.03659
-0.989629
-1.05162
-0.746643
-0.838856
-0.71971
-0.721466
-0.709667
-0.578457
-0.727665
-0.576822
-0.400533
-0.309263
-0.375902
0.0124185
-0.156501
0.155853
-0.136166
-0.0776039
0.0273564
0.0969781
0.272402
0.144822
0.0936476
0.367579
0.0640594
0.127247
-0.190561
0.0321025
-0.0152312
0.318412
-0.00848591
-0.053822
0.0751612
-0.155356
-0.200414
0.0935967
-0.312715
-0.0696173
-0.0013507
-0.221306
-0.14008
-0.275972
0.149936
0.119855
-0.0515355
-0.202211
0.396847
0.0547856
-0.0014835
-0.232024
-0.205157
0.0956864
0.176359
0.20328
-0.0971896
-0.104489
-0.297595
0.19514
-0.100983
-0.196896
-0.17035
-0.0607985
0.196753
-0.0103314
-0.0813279
-0.208505
-0.0602903
0.170395
0.00445938
0.0537368
-0.0790451
0.12859
-0.0356935
0.227374
0.05795
0.300962
0.00880086
-0.14009
0.290401
-0.0594116
-0.239858
0.203748
0.0046798
0.000503659
-0.0416034
0.190719
0.0279379
0.0689615
0.0443522
0.00219822
0.0934603
-0.0931312
0.0688171
-0.0139033
-0.259084
-0.166195
-0.156342
-0.401467
-0.177372
-0.374626
-0.361323
-0.175163
0.119674
-0.323037
-0.181297
-0.071845
-0.274348
0.0146207
-0.220134
-0.0123556
-0.164428
-0.230499
-0.223854
-0.213903
-0.00966603
-0.28892
-0.396925
-0.0896866
-0.208931
0.115381
0.0276026
-0.0374725
-0.0235187
-0.15324
-0.00372589
-0.00300175
-0.165253
0.13783
-0.00746602
0.00128448
0.115135
0.0996325
0.320363
0.0185889
0.214785
0.00593293
0.0754459
0.109184
0.021452
0.0295987
0.194282
-0.207704
-0.235482
-0.00888669
0.0027231
-0.12805
-0.177881
-0.083586
-0.0537339
-0.473679
-0.381825
-0.10924
0.0455502
-0.51235
-0.590629
-0.132943
-0.474944
-0.52246
-0.276101
-0.226607
-0.234046
-0.0938764
-0.23565
-0.399372
-0.473187
-0.030062
0.00231457
-0.362815
-0.149326
-0.164017
-0.109057
0.0189964
0.130442
0.161657
-0.0212387
-0.0493292
0.105137
0.000245094
0.138273
-0.0134985
-0.0954734
0.146905
0.0772078
-0.0977223
-0.129076
-0.161644
0.0889709
-0.359642
-0.24925
-0.18409
-0.326977
-0.013415
-0.424794
-0.241685
-0.180121
-0.278106
-0.235283
-0.21464
-0.289093
-0.368524
-0.171041
-0.0637649
-0.133998
-0.225436
-0.109514
-0.266017
-0.490074
-0.245188
-0.166716
-0.188234
0.0915352
0.178752
-0.127554
-0.0872635
0.117676
0.200728
0.0355499
-0.264441
0.459629
0.0558141
0.00842869
0.0374373
0.064339
0.0104761
-0.416918
0.0957605
0.0493188
-0.106628
-0.448092
-0.207908
-0.450364
-0.492611
-0.521561
-0.344244
-0.720699
-0.600647
-0.726432
-0.721738
-0.741373
-0.680901
-0.623296
-0.590519
-0.601983
-0.3664
-0.584549
-0.485229
-0.231973
-0.369377
-0.423899
-0.484363
-0.576553
-0.137285
-0.320134
-0.0779029
-0.0847723
-0.0332826
-0.111971
-0.110163
-0.121741
0.118863
-0.056938
-0.397704
