-1
-1.07411
-1.15707
-0.97924
-1.04056
-0.925658
-1.03336
-1.03296
-1.09926
-1.06102
-0.853988
-1.15183
-1.08841
-0.856356
-0.935329
-1.13738
-0.996658
-0.9983
-0.805276
-0.990267
-0.834538
-0.977909
-0.90545
-1.09635
-1.08204
-1.08029
-1.06051
-0.859527
-0.912496
-1.03911
-0.900053
-0.868404
-0.72422
-0.946165
-0.777856
-0.638312
-0.710505
-0.533208
-0.429837
-0.522704
-0.420087
-0.348076
-0.578991
-0.307973
-0.358983
-0.261812
-0.302047
-0.245092
-0.1726
-0.341167
-0.286376
-0.49738
-0.351083
-0.301169
-0.086136
-0.262829
-0.12878
-0.384833
-0.10776
-0.224888
-0.220458
-0.187198
-0.092173
-0.242236
-0.179507
-0.142853
-0.221117
-0.179114
-0.102199
-0.105685
-0.0648355
-0.216715
0.0701802
0.0787677
0.116639
0.169624
-0.0571185
-0.212519
0.00749171
0.0203896
0.0788125
0.0285822
0.0527182
0.0117549
0.0457462
0.0356522
0.0631948
0.0518513
-0.286832
-0.186822
-0.0242862
-0.0593883
-0.109922
-0.270466
-0.137944
0.00252998
0.0227003
-0.156969
-0.0828775
-0.17731
-0.148477
0.261101
-0.054317
-0.141819
-0.0366236
0.0809448
-0.0377292
-0.0113159
-0.0973581
-0.103553
0.184362
0.245357
0.0785002
0.217588
0.202602
0.0531893
0.149273
-0.00113612
0.0541553
0.0745451
-0.0676323
-0.137706
0.0770092
0.240961
0.19538
0.0166652
0.0220566
0.344847
0.25824
0.149832
0.175884
0.156576
0.194944
-0.0699793
0.0184501
0.000369072
0.134192
0.184678
0.203778
0.0445805
-0.0794249
0.2142
0.393867
0.14887
0.0497279
-0.0652086
0.101926
0.14887
0.201235
0.154347
0.246277
0.104686
0.245141
0.234868
0.0723587
0.185814
0.387583
0.0949181
0.10086
0.274595
0.280884
0.246704
0.20777
0.0666409
0.156064
0.231764
0.185999
0.282374
-0.0729979
0.442872
0.293044
0.055988
-0.00889218
-0.0307835
0.0792551
-0.0339142
-0.0206054
0.0420287
0.368175
0.0490202
0.0877179
0.193323
-0.0785196
0.207425
0.106689
0.0788553
0.184404
0.114055
0.0902218
0.331927
0.16365
0.301347
0.19935
0.0954311
-0.0875368
0.103143
0.0375409
0.120495
-0.0454122
0.108554
0.152902
0.110047
0.0748912
-0.0789246
0.160322
-0.125443
0.0866189
0.184314
0.000767827
-0.0209042
-0.0759978
-0.0703789
-0.179324
0.0651675
0.0257307
0.0366551
0.0138593
0.0156838
-0.101808
0.0505341
0.0642514
-0.0501219
-0.0427584
0.0125631
0.0666457
0.102538
-0.123882
-0.0695786
-0.0111519
0.145858
-0.0894313
-0.0855791
0.24579
-0.0214553
-0.0196833
-0.145647
0.208308
0.040589
0.017692
0.218316
-0.0252715
0.120803
-0.040108
0.210746
0.13171
-0.0854577
0.0931684
0.0885993
0.0781168
-0.234978
-0.212755
-0.126795
-0.225576
-0.0232339
-0.0159802
-0.0710063
0.00639677
-0.167853
-0.0185159
-0.188579
-0.142066
0.222802
-0.165685
-0.146937
0.00549126
-0.0652928
-0.0978291
-0.264008
-0.119364
-0.0686752
-0.212303
0.0852244
0.0821966
-0.0206413
-0.095235
-0.301878
-0.188768
-0.152837
-0.0525483
-0.194177
-0.0755237
-0.130071
-0.355091
-0.201664
-0.177019
-0.147657
-0.351011
-0.0580987
0.0539272
0.0127883
-0.140525
-0.0404975
0.0867815
-0.067292
-0.112265
-0.0251217
0.205363
-0.0580438
0.150168
-0.0109096
-0.0139815
0.0795361
0.166355
-0.0227027
0.100315
0.208352
0.083724
-0.140027
0.237785
-0.045416
-0.175787
-0.0249497
0.00628948
0.0869267
0.165382
0.22373
0.0142767
-0.0619102
0.0749739
-0.0146481
0.0109723
-0.137825
-0.130322
-0.291443
-0.230423
-0.126757
-0.154192
-0.375857
-0.336683
-0.259185
-0.445937
-0.339113
-0.242459
-0.477024
-0.595351
-0.387805
-0.400639
-0.17977
-0.402967
-0.252695
-0.181561
-0.459228
-0.425851
-0.544518
-0.448375
-0.359628
-0.261933
-0.229819
-0.487422
-0.337163
-0.4418
-0.412089
-0.4094
-0.39083
-0.43643
-0.245187
-0.360904
-0.598395
-0.235944
-0.28858
-0.185462
-0.112117
-0.325184
-0.293166
-0.119167
-0.117427
-0.0271575
-0.0823638
-0.270435
