-1
-0.992492
-1.04411
-1.08615
-1.06154
-0.907516
-1.0816
-1.01575
-1.03527
-1.09245
-0.975402
-1.01052
-1.05131
-0.960572
-0.959187
-0.98948
-1.04292
-1.05101
-0.864892
-0.921136
-0.944829
-1.036
-0.950453
-0.935822
-0.704787
-0.762694
-0.804435
-0.634826
-0.688506
-0.640006
-0.48522
-0.361142
-0.485727
-0.506056
-0.509376
-0.550206
-0.0982778
-0.583617
-0.168486
-0.684586
-0.450716
-0.38033
-0.397194
-0.366889
-0.278787
-0.143987
-0.364679
-0.14719
0.144573
0.0708623
-0.134912
0.0686721
-0.120229
-0.0979021
0.0306261
-0.360429
-0.371068
-0.790923
0.179614
-0.201233
-0.548647
-0.160459
-0.0987694
0.151046
-0.104399
0.195659
0.0512884
0.194679
-0.169377
-0.327678
0.0477508
-0.0633116
0.152106
-0.167697
0.0870574
-0.134414
0.0752313
-0.194987
-0.186486
-0.410014
0.0720453
0.0758983
-0.3557
-0.11788
-0.0326393
-0.305456
-0.310051
-0.142801
-0.459588
-0.196422
-0.436259
-0.349432
-0.145162
-0.26353
-0.239056
-0.233855
0.549535
-0.000406623
-0.0388131
0.110915
-0.179057
-0.257347
0.202461
-0.483909
-0.303887
-0.170673
-0.38172
-0.0709832
0.180195
-0.0445677
-0.111431
-0.0311051
0.580427
0.608134
0.0124069
0.00816333
-0.020267
0.151025
0.0320783
0.349767
-0.11507
0.204169
0.337601
0.0352108
-0.114862
0.0663856
-0.399131
-0.161407
-0.0564079
0.221555
-0.0296434
-0.318536
0.326047
0.138585
-0.190599
-0.530399
-0.67412
0.058885
0.0222739
-0.132467
-0.222611
-0.495192
0.480205
0.627699
-0.115071
0.462107
-0.373959
0.172397
0.39756
0.456946
0.199137
0.587759
0.294729
0.366433
-0.0515577
-0.0878667
0.332863
-0.312716
0.00511575
0.348889
0.299481
0.197687
0.38673
-0.131353
0.380226
0.00648189
-0.246921
-0.388207
0.118982
-0.248334
0.126179
-0.212474
-0.387192
0.22053
0.249552
0.299659
0.310635
0.0831438
-0.0588768
0.00680137
0.0891931
-0.309677
-0.140707
-0.295491
0.144634
0.248562
-0.319318
-0.139956
-0.220393
0.252779
-0.561941
-0.328677
-0.186322
-0.186063
-0.225638
-0.139101
-0.674121
-0.242336
-0.166469
-0.125494
0.153686
-0.188487
-0.397221
0.10363
-0.215566
0.0137017
-0.271097
-0.440994
-0.00248462
-0.113535
-0.3118
-0.00278032
-0.354676
-0.328432
-0.290274
-0.236625
-0.446501
-0.355737
-0.289093
0.112428
-0.632293
0.0258827
0.208086
-0.0139685
-0.07939
0.178538
-0.0586668
-0.0703638
-0.173124
-0.549875
-0.101589
-0.156361
-0.351161
-0.101364
0.00114048
-0.600661
-0.2992
-0.294241
0.0148382
-0.138144
-0.110435
-0.378215
-0.221112
0.0912951
-0.0269305
-0.0462002
-0.792754
-0.206571
0.0127523
-0.122625
-0.370085
-0.0465212
0.567883
0.11341
0.187402
0.28449
0.201518
-0.147872
-0.0562317
0.0508159
-0.0291793
-0.0913818
-0.33455
0.0209656
-0.397198
-0.517078
-0.340028
-0.0690486
-0.415603
-0.448541
-0.416358
-0.374882
-0.609854
-0.31851
-0.319943
-0.303137
-0.262539
-0.708512
-0.160251
0.191214
-0.17259
-0.232072
-0.392136
0.0108739
0.26302
0.208763
-0.0242481
-0.0576062
0.233317
