-1
-1.06061
-1.08025
-1.04159
-0.919929
-1.04926
-1.11376
-0.904862
-0.953257
-0.970444
-0.969445
-0.988969
-1.1186
-1.08065
-0.88213
-1.10327
-0.878863
-1.06258
-0.992615
-0.891519
-0.883428
-0.81912
-0.683214
-0.702014
-0.584405
-0.490379
-0.408748
-0.216888
-0.29541
-0.1451
-0.335702
-0.304331
-0.231133
-0.101733
-0.193571
-0.0940331
-0.253832
-0.263918
-0.251599
-0.255339
-0.154604
-0.242824
-0.154885
-0.155011
0.00733685
-0.0654126
-0.343768
-0.116621
-0.09764
0.0560808
-0.0272566
-0.0883829
0.049939
0.0138583
0.0845457
-0.0655123
-0.0750964
0.100756
0.185016
0.218066
0.0323477
0.114511
0.272465
0.139434
0.0516087
0.0978037
0.196345
0.312642
0.213551
-0.209482
0.227218
0.236881
0.22097
0.0417178
0.0221277
0.229892
0.0433685
0.061592
-0.0647752
0.0420116
-0.0354791
-0.0211017
0.0794809
-0.253345
-0.198498
-0.230913
-0.0776623
-0.121308
-0.111042
0.15113
-0.0864891
-0.0604064
-0.0548782
0.0104393
-0.179231
0.0234129
-0.168682
0.147589
0.09955
0.0236163
-0.117059
0.133586
0.0865819
-0.0431804
0.155348
0.122134
-0.181871
0.139395
-0.176705
-0.0609457
-0.160025
0.0959351
-0.0486636
-0.15235
-0.0183704
-0.0719786
0.0782039
0.140082
0.0627577
0.261594
0.0807753
-0.120845
0.0892807
0.284444
0.251948
0.0280213
0.0937659
-0.123297
0.0885632
0.0936865
0.0264916
-0.0237623
0.0095706
-0.0361257
-0.337279
-0.251173
-0.237285
-0.133806
-0.395146
-0.223012
-0.341574
-0.357993
-0.366444
-0.308063
-0.325698
-0.0350885
-0.116139
-0.248327
-0.149094
-0.136306
-0.0446848
-0.0968307
-0.0163671
0.134681
-0.0679116
-0.0768638
0.0893649
0.0466527
-0.0443332
0.180154
0.358043
0.0525655
0.371651
0.128156
0.203655
0.291358
0.0356218
0.0539522
-0.0586197
-0.172006
-0.0679395
-0.221576
-0.204033
-0.210907
-0.46712
-0.347115
-0.29724
-0.312607
-0.183347
-0.360686
-0.183334
-0.217689
-0.208885
-0.279557
-0.144598
-0.124581
-0.432554
-0.356434
-0.205881
-0.0452678
-0.217295
-0.166552
-0.13208
-0.121079
-0.174004
-0.0170913
-0.148699
-0.0276061
-0.133733
0.0498402
-0.0167783
-0.0581085
0.13678
0.137331
0.0207396
0.132717
0.09706
0.118585
0.372809
-0.0574021
0.0732566
-0.145507
-0.207364
-0.120714
-0.278973
-0.308196
-0.288655
-0.0409445
-0.073777
0.057825
-0.0701987
-0.0404372
-0.0323479
-0.138681
0.0870185
-0.00797617
-0.038782
-0.0171808
0.0674826
0.0258298
0.0133237
0.210165
0.100453
0.195595
