-1
-1
-1.00662
-1.0901
-0.99829
-0.928134
-0.866491
-0.98824
-0.819858
-0.93738
-1.07748
-0.955918
-0.942786
-0.979208
-0.951084
-0.938081
-1.00741
-0.969758
-1.02516
-0.930482
-0.936236
-0.871494
-0.846249
-0.736001
-0.782007
-0.532057
-0.70249
-0.707118
-0.659713
-0.406537
-0.229687
-0.32819
-0.297939
-0.230353
0.0608093
-0.165646
-0.088774
0.0176743
-0.126205
-0.170826
-0.314329
-0.100453
0.139286
-0.480869
-0.148104
-0.11208
-0.163988
-0.133153
-0.0678728
0.299639
0.00101984
0.00721133
-0.305414
0.29406
0.649878
0.295749
-0.10029
0.19352
-0.116268
0.170422
-0.205948
0.079201
0.170527
-0.140083
-0.0959762
-0.309953
0.161215
0.468545
-0.247265
-0.0116298
0.147606
0.15216
0.140081
0.333588
-0.0168667
0.122782
-0.0747555
0.0470673
0.0223088
0.00917995
0.275456
-0.26298
0.00568366
-0.0645972
0.265986
0.0105997
0.0966973
-0.223303
0.0458294
0.056524
-0.225663
-0.104238
-0.0685475
-0.303669
-0.212245
-0.210202
-0.217228
-0.486869
-0.0947542
-0.00303584
-0.0553275
-0.134854
-0.48604
-0.0305351
-0.0975422
-0.127427
-0.0112793
-0.176177
-0.284687
0.223435
0.0100011
-0.334951
-0.0495268
0.00305796
0.11833
0.0338672
0.175019
-0.0398242
0.0653812
0.222101
0.194558
0.0974997
0.106502
0.247986
0.0423243
-0.212433
-0.0307522
-0.153904
-0.128447
-0.0487903
-0.0144139
-0.168058
-0.138625
0.05137
-0.0138146
-0.0905075
-0.217192
0.0290359
-0.159283
-0.243981
-0.158632
0.0484134
0.470973
-0.155362
-0.163402
-0.0730752
0.0336869
-0.00168127
0.320412
0.162548
-0.146286
-0.0693437
0.323704
-0.251485
0.258042
0.00295162
0.274427
0.479852
0.263843
-0.0747436
0.339578
0.202075
0.394629
-0.22346
-0.0524186
0.538176
-0.0426598
0.230521
-0.239459
-0.165615
0.383072
-0.000928998
-0.182584
0.0176893
0.16979
0.139379
-0.225451
0.124453
-0.28046
-0.304171
-0.043054
-0.299083
0.0536773
-0.221112
-0.336313
-0.13213
-0.350596
-0.102833
-0.183796
-0.403137
-0.0658009
-0.121868
0.268125
0.130546
0.106549
-0.014304
-0.325415
-0.0338246
-0.0260512
-0.215659
-0.305346
-0.406714
-0.0292426
-0.354712
-0.0902116
-0.328808
-0.205538
0.162629
-0.12767
-0.414975
-0.180917
0.125459
-0.135019
0.420072
0.196503
0.120068
0.161529
-0.0975351
0.291917
0.317516
0.230668
0.182984
0.00236106
-0.183445
-0.396411
-0.306576
-0.282718
-0.54929
-0.511321
-0.775282
-0.534828
-0.605894
-0.712508
-0.498121
-0.680528
-0.554299
-0.508403
-0.481
-0.656945
-0.549892
-0.589139
-0.526146
-0.644916
-0.593863
-0.546744
-0.642578
-0.481395
-0.236369
-0.384631
-0.245401
-0.43699
-0.425616
-0.165438
-0.51293
0.0835446
-0.344087
-0.215625
-0.0715213
0.0989008
-0.200726
-0.0132356
-0.101361
0.220959
-0.145403
0.381444
-0.211506
