-1
-1
-0.959631
-0.985026
-1.03907
-0.897485
-1.02037
-0.916299
-0.974369
-1.02977
-0.966342
-1.01038
-1.03545
-1.02576
-1.11953
-1.0023
-1.01933
-1.04364
-1.05377
-0.982516
-0.920931
-0.908019
-0.829689
-0.771204
-0.60315
-0.53547
-0.577204
-0.516036
-0.41269
-0.419675
-0.381275
-0.455521
-0.314959
-0.262259
-0.127507
-0.0346138
-0.197217
0.0378723
-0.156251
0.0333744
0.0216182
-0.0948178
0.181646
0.0529536
0.162902
-0.0348429
-0.194526
-0.0444165
0.00475788
0.00547743
-0.0744413
-0.0410005
-0.0711845
-0.154389
0.159992
-0.0109277
0.0302497
-0.255893
0.22111
0.163211
0.0931207
-0.019411
0.0122496
0.380227
-0.048194
0.108997
-0.0236697
0.0868804
0.158195
0.0396132
0.0407079
0.138437
0.003914
0.0226146
-0.00853044
0.00492382
0.181168
0.0131457
-0.0737296
0.257683
-0.0389605
0.0844141
-0.107073
-0.173478
-0.0112208
0.0180415
-0.308638
-0.0944068
-0.0666103
-0.108776
-0.0362867
0.24888
0.133129
0.0632361
0.0891893
0.104914
-0.0213143
0.125263
0.160768
-0.0662048
-0.0340533
0.0660486
-0.112206
-0.0542913
-0.0629978
-0.0875042
0.0758295
-0.0339885
-0.0181965
-0.0703064
-0.129557
0.0404462
0.0413043
-0.086772
-0.0284073
0.20066
0.0599203
-0.0688869
-0.0381771
-0.0609214
0.157799
0.0322281
0.0215299
0.156535
0.0938705
0.0557414
0.198481
-0.114469
0.2199
-0.152166
-0.0228049
-0.263702
-0.242657
-0.370001
-0.400738
-0.598659
-0.257796
-0.336456
-0.37945
-0.36715
-0.306699
-0.267156
-0.394399
-0.364093
-0.414112
-0.221262
-0.280878
-0.445952
-0.306476
-0.271311
-0.039357
-0.177754
-0.242615
-0.187584
-0.31409
-0.154145
0.154177
-0.093131
-0.170841
-0.04822
0.0391639
-0.0848619
-0.0561412
-0.24024
-0.147309
-0.123939
-0.148577
-0.283396
-0.0367376
0.0731678
-0.130667
-0.0842414
-0.0232995
0.119488
-0.0237531
0.144934
0.19834
0.097984
0.080861
0.101123
0.0407766
0.193512
-0.212883
0.100815
-0.0595815
-0.376468
-0.379116
-0.176966
-0.350338
-0.482629
-0.47432
-0.584699
-0.503781
-0.287661
-0.448461
-0.445326
-0.24548
-0.459021
-0.346507
-0.582339
-0.37519
-0.382907
-0.327356
-0.327592
-0.288349
-0.428372
-0.344312
-0.192591
-0.194644
-0.326776
-0.31413
-0.119409
-0.20039
-0.165723
-0.157665
-0.0956713
-0.0927337
0.067518
-0.184642
0.0914234
0.0958903
0.232068
-0.0301724
0.00378561
-0.0210909
-0.152528
-0.10994
-0.268261
-0.260543
-0.412042
-0.243217
-0.348293
-0.228447
-0.443728
-0.243573
-0.314132
-0.419172
-0.459627
-0.293609
-0.410898
-0.295571
-0.489015
-0.400977
-0.373591
-0.296999
-0.443446
-0.334869
-0.309742
-0.266425
-0.28228
-0.206386
-0.0599234
-0.151187
-0.184074
-0.0230007
0.0532384
-0.0319759
-0.213913
-0.100488
-0.0262789
