-1
-1
-1.03126
-1.06665
-1.03381
-0.996489
-0.8765
-1.00242
-1.04065
-0.994437
-1.02773
-0.985775
-0.99816
-1.0056
-0.916916
-0.988127
-1.06451
-1.01302
-0.933051
-0.799712
-0.856127
-0.747502
-0.699187
-0.49386
-0.508345
-0.604364
-0.46826
-0.4751
-0.422963
-0.384558
-0.3974
0.0754563
-0.329839
-0.181612
-0.124625
0.0503252
-0.165922
0.204142
0.206866
-0.237217
0.232272
-0.425786
-0.34045
-0.0812077
-0.251986
-0.257441
-0.178876
0.205081
-0.241544
-0.302996
-0.105305
0.044076
-0.273351
-0.078554
-0.276779
-0.208235
-0.222232
-0.412336
-0.180666
0.0774353
0.263031
-0.055666
0.0298982
-0.0180327
0.103417
0.100256
0.0578841
-0.36434
0.126872
-0.00569433
0.00859547
-0.124338
0.0281661
-0.0578723
-0.215749
0.000773787
-0.0937853
0.156484
-0.239598
-0.0596052
-0.13802
-0.248213
-0.219631
0.00758028
-0.242329
0.00790799
-0.411463
-0.36954
-0.114699
0.284881
-0.0602964
0.20769
0.127118
0.489923
0.225689
-0.00227743
-0.0412368
0.144936
0.597998
0.00262713
-0.083137
0.311037
-0.288261
-0.276764
-0.33495
-0.175404
-0.105035
-0.186664
-0.264734
0.0457295
-0.181132
0.161858
-0.305313
0.163825
-0.0746314
-0.206131
0.236922
-0.0360736
-0.121451
0.172213
0.00692523
0.141818
0.260324
0.413277
0.251155
0.0222844
-0.242201
-0.00825453
0.363523
-0.0965692
0.263318
-0.415476
0.0795599
0.405612
-0.108625
-0.398454
0.113245
-0.110414
-0.275824
-0.0122105
-0.0976073
0.0430768
-0.752576
-0.0272706
0.0393451
-0.192298
0.0507276
0.301671
-0.103965
-0.0401232
0.135452
-0.0731376
0.0142077
0.0500813
-0.69746
0.117747
0.0410792
-0.5831
-0.24032
0.325263
0.425203
-0.0682718
-0.0373627
0.0478055
0.16102
-0.0639936
-0.0918449
-0.133118
-0.171685
-0.134794
-0.386214
-0.290357
-0.422907
-0.272098
0.234797
-0.131209
0.135081
0.169937
-0.238951
-0.00838637
-0.200557
0.18614
-0.20853
0.162069
-0.189016
-0.406088
-0.227846
-0.344543
-0.416119
-0.582205
-0.358813
-0.351048
-0.419032
-0.315085
-0.343359
-0.513462
-0.165699
-0.734892
-0.563767
-0.228266
-0.267291
-0.566136
-0.38416
-0.279525
-0.449304
-0.475819
-0.4541
-0.307073
-0.415563
-0.139106
-0.152434
-0.112148
0.144201
0.203117
-0.300297
0.0688897
0.0376198
-0.136584
-0.264384
-0.27582
-0.364095
-0.326247
-0.561085
-0.228371
-0.411868
-0.554204
-0.622485
-0.565536
-0.488201
-0.48207
-0.502047
-0.508992
-0.575555
-0.56434
-0.41654
-0.603978
-0.425393
-0.375524
-0.433644
-0.412183
-0.46675
-0.173683
-0.224212
-0.0666078
-0.251551
0.251853
-0.12397
-0.137867
-0.537311
0.311433
0.718965
-0.251207
0.336437
0.208151
0.319101
0.829853
0.479995
