-1
-1
-1
-0.890352
-1.07715
-0.960545
-0.990154
-0.870499
-1.16113
-1.11022
-1.18206
-1.04149
-0.926461
-0.938093
-0.837543
-1.10062
-0.911829
-1.0571
-0.91599
-0.817653
-1.11903
-1.01679
-0.627315
-0.786293
-0.547199
-0.543401
-0.413161
-0.79335
-0.165049
-0.336557
-0.0599472
-0.384311
-0.136623
0.0320464
0.0167892
0.0607737
0.149838
0.145839
-0.141807
-0.0991828
0.109168
0.318827
0.358833
-0.269946
0.217438
-0.0941278
0.190911
0.124748
0.122077
0.215432
0.267621
0.333802
-0.00724506
-0.0583388
0.0119073
-0.188615
0.0187341
-0.119236
-0.146915
-0.18771
0.0906717
-0.0949023
-0.000303805
0.0564598
-0.439458
-0.269561
-0.144136
-0.0394602
-0.163147
-0.219598
-0.275763
-0.173992
-0.252063
-0.134309
-0.214799
0.14869
-0.253201
0.175196
0.192791
0.0045594
-0.00841683
-0.00304711
-0.0593411
0.168773
-0.0413101
-0.150172
0.00550127
0.227814
0.226614
-0.226903
-0.106671
-0.00102437
0.412323
-0.103414
0.130787
-0.0479952
-0.0283375
0.148689
-0.0160168
0.0903658
-0.0788519
-0.104103
-0.0683292
0.2414
0.093992
-0.0188494
-0.198615
-0.184524
-0.0131298
-0.0978833
0.172752
0.0162492
0.120699
-0.124065
-0.0982805
0.0703394
-0.260252
0.302553
0.0936915
-0.367596
-0.182253
0.300176
-0.00292444
-0.0479288
-0.400264
0.233339
0.117881
-0.385679
-0.220652
-0.244294
-0.0368409
0.17132
-0.524469
-0.00638062
0.0572256
0.0649709
0.127551
0.0186812
-0.169042
-0.160406
-0.20364
-0.0847239
-0.254794
-0.161519
-0.00534999
-0.419873
-0.153486
-0.335841
-0.176859
-0.192528
0.0681155
0.0692272
-0.1656
-0.213461
-0.00392669
0.291555
-0.000449598
-0.278698
-0.0545831
0.264058
0.276452
-0.308391
0.286402
0.0816944
0.250226
0.000728488
0.0639548
0.22591
-0.145052
0.0463463
0.286347
-0.0588628
-0.436518
-0.299642
-0.445994
-0.299797
-0.400131
-0.42083
-0.663161
-0.693387
-0.656154
-0.514053
-0.740735
-0.382911
-0.417221
-0.833701
-0.28959
-0.388274
-0.264905
-0.519353
-0.465269
-0.407936
-0.459959
-0.393312
-0.318241
-0.447699
-0.177539
-0.19277
-0.268467
-0.0367405
0.391606
-0.101103
-0.266676
-0.37555
0.168602
-0.244546
0.222569
0.186695
-0.298809
-0.150835
0.280807
0.000307798
0.142561
-0.0384536
-0.178159
-0.0983108
-0.141378
-0.305652
-0.683881
-0.445184
-0.529478
-0.62002
-0.521665
-0.752283
-0.64081
-0.837317
-0.671181
-0.654465
-0.835365
-0.63233
-0.569186
-0.720666
-0.58178
-0.727384
-0.785852
-0.535424
-0.701449
-0.60008
-0.377556
-0.364125
-0.500186
-0.721236
-0.404466
-0.193953
-0.230775
-0.291473
-0.12406
-0.353388
0.054371
-0.230337
0.175409
-0.0749527
0.244756
0.249619
0.583064
0.941619
0.958854
