-1
-1
-0.875334
-0.867699
-0.936204
-0.908567
-0.869845
-0.888961
-0.843392
-0.857892
-0.884083
-1.04866
-0.938027
-0.923728
-1.01649
-1.11197
-0.969616
-1.08403
-0.854683
-1.07116
-0.997704
-1.18048
-1.04638
-0.961505
-1.01822
-0.944178
-0.864185
-1.10608
-0.893542
-0.893015
-0.940802
-0.916721
-0.933407
-0.80207
-0.763996
-0.831071
-0.605576
-0.848779
-0.516829
-0.690277
-0.71051
-0.628863
-0.753144
-0.658743
-0.471094
-0.629668
-0.343832
-0.716097
-0.563227
-0.502359
-0.476446
-0.289413
-0.451501
-0.288894
-0.586098
-0.390408
-0.51469
-0.318773
-0.329881
-0.208184
-0.386684
-0.443447
-0.469275
-0.391644
-0.369492
-0.335592
-0.459768
-0.394642
-0.596045
-0.373177
-0.586658
-0.213923
-0.432836
-0.189516
-0.262154
-0.0706704
-0.20448
-0.399357
-0.1053
-0.314099
-0.128444
-0.277096
-0.264183
-0.00165546
-0.211237
-0.291146
-0.108414
-0.347975
-0.296824
-0.19737
-0.0942499
-0.404653
-0.316366
-0.180717
0.0608845
-0.190704
-0.0593671
-0.0234299
-0.0156227
-0.342029
-0.105024
-0.00290352
0.191039
-0.0395588
0.0596722
0.266512
0.265284
0.169342
-0.0413249
0.138484
0.0489562
0.323621
-0.169913
0.246711
0.17137
-0.109631
0.0835583
-0.0766522
0.164001
0.172631
0.0665257
0.196234
0.074319
0.070996
0.356749
0.0612724
0.22873
-0.247729
0.112181
0.296945
0.144659
0.0986067
-0.142139
0.144553
0.170187
0.147294
-0.183197
0.193484
-0.038266
-0.199591
0.177747
-0.0234026
-0.101204
0.0742568
0.13222
-0.0717684
0.146269
0.088374
-0.0231578
-0.142777
-0.121244
-0.00813812
0.152687
0.0861858
0.00283206
-0.00450861
0.170804
0.166276
0.184691
-0.256252
0.0370544
0.5756
-0.0655452
0.361793
0.454031
0.16108
0.277214
0.255751
-0.0570375
0.0755866
0.234141
0.653497
0.0274791
0.00068748
0.00799763
0.0927683
-0.0522264
0.525079
0.162156
-0.00825918
0.179583
0.658575
0.513093
0.152881
0.174365
0.531197
0.135409
0.189421
0.428947
0.206566
0.101865
0.140905
-0.19323
0.113201
0.272495
0.151843
-0.166563
-0.0693895
0.309835
-0.100064
0.166914
0.0435364
0.247378
-0.0750055
-0.125964
0.111691
-0.112816
0.0862052
-0.322432
0.255828
0.00707042
0.112396
-0.204878
0.286924
0.0582401
0.345346
0.430758
0.000714421
0.142105
0.136603
-0.0594008
-0.262532
0.155476
0.0837938
0.142498
0.094811
0.21778
0.0796906
0.135734
-0.000952244
-0.0242378
0.209185
0.0939219
0.180471
0.129886
0.133083
0.101095
0.0244303
0.191207
0.190835
0.0642207
0.00188351
0.175482
0.084342
-0.165806
-0.0596161
-0.0478414
-0.00195956
0.030676
-0.324776
-0.233808
-0.336509
-0.203141
-0.216057
0.204636
-0.0523027
-0.11826
0.102203
0.00850868
-0.0367754
0.0590179
0.0326396
0.10928
-0.0306811
0.117487
-0.233547
-0.127057
0.118651
0.0441287
-0.19872
0.212477
-0.130933
0.107408
0.00735939
0.0233628
-0.0934739
-0.124384
-0.129775
0.021384
0.159917
-0.409919
-0.344328
-0.174649
-0.1164
-0.139559
-0.0546455
-0.044522
-0.113517
0.0515012
-0.242183
-0.0571718
-0.155127
-0.390521
-0.166892
-0.0935293
-0.168539
-0.356676
-0.336229
-0.234928
-0.21122
-0.22235
-0.100293
-0.191503
-0.183731
-0.193749
-0.325379
-0.189282
0.189393
-0.0956879
0.0200412
0.177676
-0.0883103
-0.083013
0.15404
0.375213
0.134184
-0.0213848
-0.0233535
-0.0427467
0.175278
0.0389358
0.246883
0.030044
-0.0454261
0.0658575
-0.0515743
0.0118382
-0.142484
0.0935436
-0.00572062
-0.103696
-0.0402281
-0.255331
-0.210891
-0.161916
-0.398395
-0.204667
-0.0862566
-0.130386
-0.193021
-0.275769
-0.17057
-0.180174
-0.203746
-0.0860727
0.111574
0.570505
0.210087
0.23588
0.232358
0.0807192
0.336821
0.196407
0.447473
