-1
-1
-0.881795
-0.780953
-1.0624
-1.01989
-1.09879
-0.85984
-1.01397
-1.19979
-0.992185
-1.01958
-1.21982
-1.24485
-0.815061
-1.11996
-0.929343
-1.18099
-0.804341
-0.938779
-1.0443
-1.0233
-0.888204
-0.863694
-0.586296
-0.649226
-0.6155
-0.529205
-0.516901
-0.529968
-0.323286
0.131786
-0.0806355
-0.208798
-0.173686
0.379342
-0.0143042
-0.241919
0.105695
-0.122811
-0.0562286
-0.0475206
0.066677
0.0473793
-0.197376
-0.0763079
-0.212238
-0.0196869
0.398962
0.109394
-0.00398093
0.148715
-0.00901705
-0.498962
0.305314
0.245066
0.0964566
0.0485847
0.205505
-0.086696
0.0456699
-0.110809
-0.0613943
-0.0214819
0.20437
-0.160805
-0.0818672
0.181062
-0.141655
-0.115109
-0.0442494
-0.266429
-0.198484
-0.428084
-0.161287
-0.403556
-0.317013
-0.362127
0.0491111
0.0687747
0.0614729
-0.210359
-0.131504
-0.148914
0.180982
0.192078
0.280426
-0.0317736
0.12729
0.364792
0.0614197
-0.0416257
-0.344933
-0.186238
0.157903
-0.0660623
-0.0701545
0.0788429
0.031443
0.0569081
0.0139093
0.150652
-0.128256
-0.370092
0.0430598
0.117086
-0.213943
-0.0311599
-0.0634733
-0.392836
-0.167692
-0.308743
-0.0569683
0.250764
0.28386
-0.0625538
-0.13296
-0.00474501
-0.224466
-0.400185
-0.0645045
-0.129012
0.0813828
0.0352796
-0.303153
0.11937
-0.11576
0.183358
0.151555
0.228714
-0.032706
0.117799
-0.18699
0.129426
0.081513
0.0149087
0.113286
0.286996
0.287306
-0.0310497
-0.420799
-0.0339044
0.218892
0.0360417
-0.309136
-0.2798
-0.0834174
-0.0626117
-0.246716
-0.322832
-0.0312651
-0.287637
0.201642
0.226463
-0.131382
-0.496558
-0.152121
-0.477839
0.0113163
-0.171722
0.0498965
-0.17475
0.0838236
0.0185356
0.0661819
-0.198719
0.0915177
-0.346663
-0.56384
-0.368612
0.150019
0.0705215
-0.0296394
-0.163225
-0.181963
-0.400686
-0.048619
-0.337038
-0.21377
-0.441164
-0.401184
-0.492817
-0.284388
-0.279008
-0.178935
-0.530844
-0.203122
-0.320759
-0.272726
-0.332968
-0.351074
-0.0937716
0.236581
-0.24296
0.0614737
-0.069189
-0.232651
-0.0409532
0.0748668
0.029515
0.073437
0.173178
-0.0271359
-0.106743
-0.0498566
-0.451528
-0.294256
0.115502
-0.0332761
0.0253775
-0.218992
-0.230333
-0.197104
0.301982
0.128064
-0.0817235
0.150759
-0.0169196
0.247045
0.163585
0.248112
0.253505
0.0133373
0.225242
0.0516911
-0.0194869
-0.263371
0.0739967
-0.287026
-0.195474
-0.334296
-0.0729043
-0.254874
-0.163273
-0.647618
-0.330774
-0.612857
-0.463857
-0.452767
-0.298576
-0.505866
-0.398485
-0.478562
-0.1973
-0.523118
-0.0896789
-0.319715
-0.660161
-0.428031
-0.40693
-0.884482
-0.427646
-0.474478
-0.309036
-0.419985
-0.668943
-0.381141
-0.433314
-0.501087
-0.25307
-0.22263
-0.162835
0.0568314
-0.280362
0.140166
-0.110444
-0.193889
0.129337
-0.0563499
-0.229046
-0.241342
-0.0761836
0.132976
0.125751
-0.0155104
0.128399
-0.0443392
-0.0863013
0.0660925
-0.0278146
-0.128592
-0.0119807
-0.253903
0.017989
0.193791
-0.333859
-0.172344
-0.118813
0.119568
-0.0703669
-0.0275375
-0.36407
0.0266365
