-1
-0.984948
-1.08871
-1.17318
-1.12547
-0.816154
-1.16339
-1.03375
-1.07225
-1.19094
-0.957872
-1.02539
-1.10605
-0.925552
-0.922381
-0.983023
-1.08845
-1.12333
-1.10276
-0.730288
-0.809436
-0.819158
-0.982722
-0.814956
-0.816769
-0.446603
-0.557046
-0.54782
-0.500109
-0.667572
-0.525295
-0.541698
-0.461176
-0.577432
-0.701165
-0.588863
-0.538188
-0.14504
-0.466167
-0.330691
-0.387911
-0.445837
-0.50907
-0.508775
-0.429204
-0.503728
-0.489212
-0.269958
-0.585451
-0.476626
-0.209944
-0.28298
-0.45754
-0.344027
-0.304842
-0.319086
-0.207267
-0.114014
-0.215399
-0.396025
-0.487969
-0.167256
-0.110903
-0.221846
-0.526327
-0.115075
-0.139678
-0.0654142
0.0299069
0.0026046
-0.134896
-0.00767732
-0.0150067
-0.153316
0.0580046
0.106721
0.0587333
-0.0161912
0.0786979
0.110309
0.0170251
0.342898
0.126439
0.224683
-0.00556159
0.398846
0.383098
-0.195271
-0.0646414
0.0531663
0.14746
0.0137243
0.0134602
0.179814
-0.140328
-0.141301
0.0551616
-0.0136487
-0.00798512
0.145421
-0.0234628
0.177722
0.193685
0.490999
0.240931
0.509095
-0.147014
0.309436
0.00510275
0.0322111
-0.0208476
-0.111376
0.083022
0.26258
-0.0794358
0.127217
0.180216
0.054787
0.0780325
0.0735017
0.575157
0.36254
0.0256715
0.188365
0.115272
0.143434
-0.046629
0.285697
-0.0401756
-0.0190194
0.14515
-0.210518
-0.103275
0.0378979
-0.224726
-0.0212973
0.156226
0.134892
-0.0871221
0.0608904
-0.122954
0.367239
0.0227317
0.0258518
-0.167045
0.0187844
-0.225152
0.208081
-0.0517281
0.124869
0.026189
-0.216999
0.0981586
0.240894
-0.129117
0.149785
-0.123863
0.0911483
-0.0307652
0.0809562
-0.0824192
0.0357884
0.183716
-0.0445663
0.0612546
0.0727723
-0.321883
0.176341
-0.309139
-0.0696042
0.193107
-0.0563866
0.0528702
0.333676
-0.119158
0.275849
-0.0142559
-0.00942594
-0.0824692
0.156134
-0.134562
-0.0145553
-0.00875777
-0.137316
0.175615
0.0752218
0.128298
0.202629
0.228586
0.169534
0.0383706
0.231301
-0.177279
-0.0970281
-0.128286
0.00574744
-0.0892193
-0.150328
-0.233727
-0.100019
0.0589893
-0.429752
-0.270486
-0.316052
-0.147725
-0.294688
-0.157484
-0.117108
-0.52385
-0.261916
-0.136516
-0.248069
0.168013
-0.253547
-0.317277
0.0426296
-0.022111
0.069302
-0.146991
-0.209782
-0.0389778
-0.186503
-0.163474
-0.0354149
-0.0881223
-0.272821
-0.200951
-0.173451
-0.430337
-0.154087
-0.319755
0.0948529
-0.448239
0.0351374
-0.0120921
-0.0965678
0.0510638
-0.0638688
-0.168575
-0.0959787
-0.094901
-0.238598
0.048806
-0.0531599
0.0498403
0.0574135
0.157988
-0.170965
-0.00635213
-0.0541262
-0.0251014
0.0535529
-0.0437221
-0.241758
-0.13889
-0.0997041
-0.00368804
0.148916
0.118515
-0.263161
0.003824
0.270965
0.0258822
-0.0509742
0.00375569
-0.14471
0.0866894
-0.185369
-0.13622
-0.134299
-0.264826
-0.335493
