-1
-1
-0.873544
-1.01602
-0.965865
-0.988188
-1.06548
-1.05631
-0.961603
-1.06515
-1.05629
-1.05321
-0.978972
-1.04088
-0.996931
-1.04062
-0.850039
-0.921475
-1.10676
-0.951094
-0.598379
-1.1001
-0.712174
-0.50137
-0.0562434
-0.655537
0.0877327
0.0275543
0.216163
0.0259448
0.0837096
0.0884609
1.38257
-0.45166
-0.0435349
0.792402
1.07822
0.435696
0.661004
0.066339
0.362073
0.948962
1.34
0.646851
0.933076
0.474549
0.41575
0.736409
1.32118
0.00426614
0.732973
0.544934
0.648503
0.744367
0.926179
0.118736
0.935297
1.07491
0.612411
0.449965
0.936759
0.928962
0.343425
0.751529
1.10925
0.42899
0.345993
0.642713
-0.241613
0.720912
0.679841
0.00826013
-0.212853
0.522576
0.0634016
-0.108989
0.431331
-0.307872
-0.387934
-0.0948939
-0.201193
0.0699286
0.290329
-0.345458
-0.317306
0.190313
0.148553
-0.0233522
0.330787
0.0728477
0.25361
-0.276214
-0.0311958
-0.199281
-0.283091
0.0461974
-0.298155
-0.22118
-0.106822
0.0273055
-0.54952
-0.321579
-0.305424
-0.280314
-0.141909
-0.0387701
-0.429166
-0.230009
-0.0345941
-0.173035
-0.227291
-0.0249367
0.0317864
-0.0413883
0.288619
0.398708
-0.115084
0.442798
0.156862
0.0708047
0.0902112
-0.164948
-0.0743662
0.290996
-0.396937
-0.394434
-0.129769
-0.138882
-0.190875
-0.382569
-0.335101
-0.445528
-0.526463
-0.409615
-0.450163
-0.243459
-0.298569
-0.425152
-0.249806
-0.366288
-0.137003
-0.501907
-0.206635
-0.0939884
-0.344974
-0.290624
-0.390522
-0.299849
-0.329327
-0.392024
0.129664
0.00205958
-0.264764
-0.298187
0.113604
-0.657059
-0.182593
-0.43368
-0.328559
-0.382338
-0.653761
-0.351654
-0.419915
-0.81392
-0.829925
-0.340194
-0.549083
-0.366456
-0.523004
-0.635656
-0.711757
-0.374543
-0.191238
-0.513559
-0.0355528
-0.384882
-0.255679
-0.101863
-0.129809
-0.158594
0.288918
-0.556835
-0.17594
-0.0508144
0.0818989
0.200191
0.0359278
0.0268841
-0.25147
-0.126404
-0.162806
0.17334
0.246097
-0.0491567
-0.332067
-0.0571452
-0.397164
-0.565354
-0.0653637
-0.404523
-0.498611
-0.448538
-0.523184
-0.804443
-0.61479
-0.68033
-0.576744
-0.601169
-0.350115
-0.674179
-0.285875
-0.550844
-0.43986
-0.281635
-0.552159
-0.448695
-0.594849
-0.12406
0.191273
-0.721942
-0.501161
-0.227427
-0.0234692
0.0388609
-0.190865
-0.33526
0.303262
-0.509654
-0.392589
-0.12164
0.327453
0.0757204
0.0770025
0.324401
