-1
-0.973842
-0.959502
-1.10562
-1.23424
-0.739176
-1.07021
-1.06178
-0.922005
-0.991584
-0.863989
-1.07587
-1.24081
-1.13932
-1.08868
-0.918545
-0.933502
-1.01516
-1.0769
-1.22391
-1.15078
-0.881748
-0.794766
-0.691796
-0.600261
-0.515075
-0.62508
-0.765773
-0.304255
-0.302271
-0.532859
-0.55906
-0.129673
-0.578625
-0.166502
-0.307309
-0.396105
-0.067692
0.118341
-0.0305146
-0.0885091
-0.15235
-0.00138015
-0.0829042
-0.0677253
-0.135868
0.0318978
0.0553715
-0.213912
-0.0966117
-0.118427
0.0503279
-0.0647748
0.197457
0.241486
0.158142
-0.225273
0.198099
0.484168
0.143123
-0.0536077
-0.155757
0.348074
-0.0856256
0.0185957
-0.0942398
-0.100427
-0.287874
0.0975682
0.112221
0.0877469
0.211293
0.0798403
-0.170389
0.13498
-0.0421451
0.183024
0.201072
0.14101
0.0352978
-0.024655
0.174685
0.0772628
0.275351
0.105491
0.0115505
0.107243
-0.139801
0.22598
0.362899
0.00794685
0.0885274
-0.0137329
-0.192596
0.103967
0.118186
-0.243418
-0.00422823
-0.16415
-0.171198
0.112522
-0.0392214
0.0865865
0.109127
0.0569445
-0.219898
0.153529
0.0876023
-0.11216
-0.0910771
0.14996
0.111613
-0.393211
0.0571635
-0.0915807
0.174239
0.056914
0.0116165
0.19685
0.0299704
0.0764614
0.168511
0.0478733
0.143057
-0.166395
-0.233402
-0.0345131
-0.068904
-0.123548
0.238964
0.207916
0.194671
-0.0462103
0.189893
0.143295
-0.00127685
0.118255
-0.0579085
-0.242957
0.103002
-0.169107
-0.217776
-0.0884606
-0.0116363
-0.00772256
-0.107076
-0.139082
-0.0514306
0.153971
0.494362
-0.0346873
0.184991
0.0272057
0.0718706
0.18575
0.0479717
0.0691456
-0.307651
0.371869
0.311639
-0.0107297
0.113154
-0.0627369
0.0336195
-0.050066
-0.0385601
-0.0643095
-0.059499
-0.0269575
-0.264
-0.226587
-0.193206
0.0277278
-0.0561119
-0.185579
1.44243e-05
-0.0441073
-0.224012
-0.169243
0.221678
-0.180066
-0.0860443
0.017294
-0.253961
0.232065
0.116068
0.14765
-0.225069
0.0868007
-0.175218
-0.0106381
0.18783
-0.183539
-0.260894
0.0316063
-0.06978
-0.319992
-0.196006
-0.0339352
-0.255268
0.0096544
-0.0721427
-0.354439
-0.120394
0.00325954
0.0498524
-0.268537
-0.158787
-0.234389
-0.257115
-0.239112
-0.278026
-0.282339
-0.322149
-0.0756771
-0.030623
-0.433843
-0.244871
-0.0842506
-0.218509
-0.170639
-0.362964
-0.343301
-0.457681
-0.204737
-0.336231
-0.194796
-0.336062
-0.351506
-0.202965
-0.320723
-0.268347
-0.350085
-0.131941
-0.300277
-0.24763
-0.405487
-0.166685
-0.581991
-0.326136
-0.379819
-0.297763
-0.334099
-0.359011
-0.395255
-0.324498
-0.318181
-0.419445
-0.225216
-0.165762
-0.176795
-0.362703
-0.494846
-0.564206
-0.435481
-0.523643
-0.362666
-0.246191
-0.292481
-0.0992074
-0.146305
-0.267683
-0.352883
-0.00787133
0.100426
0.0707749
0.0212326
-0.162344
0.104556
-0.119709
0.0875133
-0.155309
-0.107068
-0.208891
-0.013038
-0.409749
-0.0513464
-0.231734
-0.205137
-0.583168
-0.259997
-0.343641
-0.256599
-0.234671
-0.242909
-0.120376
-0.0292689
0.105933
-0.169739
-0.2312
-0.35557
-0.0727506
