-1
-1
-0.952613
-0.932017
-0.874159
-1.03658
-1.01214
-1.05719
-0.918705
-1.00722
-1.1141
-0.993963
-1.00965
-1.12546
-1.14018
-0.892287
-1.06893
-0.959359
-1.1563
-0.860233
-0.88693
-0.934739
-0.801593
-0.620085
-0.470721
-0.387841
-0.363716
-0.309361
-0.226599
-0.248726
-0.10254
0.154761
0.496022
0.376311
0.25488
0.277376
0.669737
0.402812
0.250657
0.486375
0.177149
0.232643
0.256519
0.376593
0.198519
0.109763
0.150041
-0.0392992
0.0931699
0.299627
0.0764021
-0.0159854
0.124444
-0.0601521
-0.0648359
0.0939814
0.0780299
-0.0363627
-0.0554977
0.108819
-0.21095
-0.0130088
-0.0786536
-0.193238
-0.13097
-0.0820846
0.0824744
-0.0986478
-0.0607792
-0.200134
-0.0846838
-0.027738
-0.00832194
-0.137256
0.0235094
-0.147269
0.00191903
-0.160456
-0.0666971
-0.134706
0.193987
0.103021
0.240114
0.0649719
0.0731428
0.156937
0.32418
0.454542
0.458765
0.237993
0.353871
0.451233
0.139921
0.12173
-0.192047
-0.0160422
0.223328
0.0225312
0.0101764
0.0734828
0.0127599
-0.055709
-0.119191
0.0743544
-0.172227
-0.358026
-0.0963098
-0.095399
-0.337138
-0.212514
-0.242079
-0.416754
-0.304878
-0.349458
-0.17726
0.0187157
0.0707439
-0.160121
-0.187963
-0.10188
-0.272381
-0.411037
-0.154875
-0.155202
-0.0353587
-0.0324035
-0.26889
-0.0231671
-0.135753
0.0455846
0.0448058
0.126258
-0.0751234
0.116226
-0.173474
0.131952
0.150769
0.08548
0.205785
0.321856
0.264092
0.0263178
-0.256708
0.0647238
0.187104
0.0521635
-0.272126
-0.282502
-0.195354
-0.232193
-0.380551
-0.455758
-0.320603
-0.5337
-0.290531
-0.288791
-0.468012
-0.709063
-0.513106
-0.805149
-0.432627
-0.526487
-0.386371
-0.508839
-0.373399
-0.405531
-0.353572
-0.475992
-0.363486
-0.467509
-0.568807
-0.418398
-0.0766588
-0.0501685
-0.0898359
-0.156053
-0.159116
-0.275052
-0.058356
-0.157332
-0.0605532
-0.100932
-0.0233847
-0.0456018
-0.0418593
0.0694999
0.109353
0.125096
-0.119051
0.132241
0.147966
0.115205
0.177102
-0.066112
0.265768
0.515803
0.0780923
0.198132
0.000565171
-0.132212
-0.163827
-0.11213
-0.225436
-0.29237
-0.328107
-0.539142
-0.602107
-0.66888
-0.877473
-0.742851
-0.559362
-0.60349
-0.51529
-0.602085
-0.620936
-0.553811
-0.255586
-0.310261
-0.455458
-0.178907
-0.238243
-0.0216219
0.0631535
0.127606
0.093182
0.0661851
0.250944
0.434687
0.349221
0.293331
0.136752
0.348859
-0.0241629
-0.0849705
-0.415046
-0.426077
-0.678437
-0.796708
-1.13942
-1.17547
-1.41597
-1.38208
-1.39457
-1.31079
-1.4781
-1.38913
-1.45338
-1.20111
-1.31391
-1.00396
-0.993624
-0.988517
-0.75282
-0.635906
-0.752753
-0.363852
-0.2309
