-1
-1
-1
-1.43269
-0.858794
-1.00271
-1.07055
-1.03278
-0.789163
-1.16742
-1.08429
-0.977819
-0.769458
-1.20879
-0.902038
-1.00636
-1.09435
-1.29503
-0.788796
-0.952422
-0.888219
-0.733864
-0.932283
-1.04814
-1.00031
-1.08297
-1.01862
-0.817377
-0.889619
-0.791524
-0.809061
-0.456128
-0.763106
-0.534127
-0.602137
-0.366278
-0.134475
-0.301772
0.156252
0.072735
-0.0543447
-0.00518435
-0.0445896
-0.104186
-0.015503
0.207547
-0.0788778
0.0156324
-0.316054
0.154297
-0.285271
-0.15277
0.127714
0.101211
-0.31767
-0.00396001
-0.280328
-0.326296
-0.099396
-0.341195
-0.0164518
0.272776
-0.274177
-0.0593647
-0.0356452
-0.161312
0.0871075
0.00503969
-0.0463621
-0.104647
-0.392258
-0.080806
0.154421
-0.204344
0.0473276
0.114295
0.160415
0.326349
0.217422
-0.0607531
0.377573
0.137278
-0.0932083
0.103865
0.179393
0.149256
-0.205568
0.0916655
-0.183503
0.142675
0.173308
0.351018
0.104011
0.122537
-0.0396962
0.114652
-0.0642736
0.165555
-0.0125009
0.0176866
0.143608
0.0274577
-0.0959774
0.0726619
-0.0636274
0.218089
0.0443282
-0.134919
-0.120838
0.0628262
-0.0183299
0.0981982
0.0953602
-0.209858
0.139477
0.0859656
-0.00577807
-0.00536704
0.186973
0.359825
0.000558972
0.0341505
-0.0326725
-0.0830789
0.239269
0.248958
0.118724
0.196489
-0.0131806
0.328347
0.146593
0.156465
0.175684
0.258574
0.147444
0.148056
-0.0319892
-0.220926
-0.0347118
-0.346723
-0.121287
-0.214975
-0.249374
-0.222602
-0.173606
0.16044
-0.0796388
-0.274495
-0.106589
0.220227
0.0198435
-0.0900779
-0.148793
-0.00810814
-0.27909
-0.116449
-0.0156285
-0.163185
0.195651
-0.331268
0.0207528
-0.100013
-0.0318154
-0.114136
-0.0387096
-0.0712255
0.00349224
-0.0783833
0.360089
-0.0046764
-0.15552
0.0178428
-0.0713328
-0.125705
-0.04398
0.0426253
0.211186
0.105231
-0.0712091
0.281451
-0.18987
0.144392
-0.212593
-0.0838507
0.503406
-0.017944
0.045242
0.0849773
0.188687
0.078343
-0.00473833
0.0798444
0.0778546
0.150486
-0.273638
0.104439
0.0970665
0.0385257
0.0699111
-0.300943
-0.200594
-0.446403
-0.28286
-0.326507
-0.117645
-0.307533
-0.114921
-0.128775
-0.11396
-0.10036
0.130935
-0.182755
-0.135574
-0.114841
-0.0368567
-0.0398583
-0.184956
-0.283288
-0.346934
-0.191564
-0.131908
0.16745
-0.155749
0.0353627
-0.122308
0.0172697
-0.0820737
0.0726758
0.18754
-0.00972301
-0.0516521
0.0225254
0.143603
-0.0436734
0.127225
-0.158139
-0.134793
-0.162299
-0.088536
-0.0456218
-0.016838
0.118614
-0.418359
-0.35827
0.0513327
-0.105873
-0.210103
-0.323881
0.142197
-0.222066
-0.352921
-0.332607
-0.0432411
-0.300498
-0.0802781
0.253001
-0.0950063
-0.0218289
-0.315113
-0.0891842
-0.0118152
-0.0585554
0.0259666
-0.136906
0.133895
0.0779465
-0.264153
0.288049
-0.10705
0.00622475
-0.149013
-0.196486
-0.0381171
-0.0601134
-0.206859
-0.256488
-0.417516
-0.296766
-0.212282
-0.211381
-0.291313
-0.175268
-0.119861
-0.412179
-0.115392
-0.510742
-0.231616
-0.212931
-0.486911
-0.156574
-0.169722
-0.355152
-0.144479
-0.192894
-0.0864197
-0.427261
-0.0833525
-0.19222
-0.128967
-0.725312
-0.0709218
-0.55798
-0.117047
-0.264183
-0.251912
-0.162515
-0.432014
-0.378963
-0.119778
-0.261053
-0.142912
-0.241784
-0.250737
-0.364422
-0.0856735
-0.0514581
0.209139
-0.0246243
0.0638469
0.274522
