-1
-1
-0.976783
-0.854596
-1.04447
-0.893957
-0.793673
-1.02734
-0.949051
-1.08004
-1.14135
-0.948364
-1.03758
-0.899298
-1.06153
-0.922918
-0.880188
-0.940225
-0.997681
-0.942186
-1.02635
-1.04307
-0.884822
-1.23247
-0.791164
-0.898667
-0.782661
-0.974888
-0.923781
-0.829448
-0.776737
-0.91018
-0.896257
-0.445629
-0.422187
-0.724608
-0.421671
-0.605876
-0.0360128
0.0110427
0.167423
-0.112554
-0.495193
-0.545426
-0.583509
0.104813
-0.18425
0.0302879
-0.272927
-0.267334
0.0130997
-0.446032
-0.07723
-0.250413
0.520369
-0.174327
0.325291
-0.0463569
0.171095
-0.619974
-0.242427
-0.346405
0.0139858
0.25122
0.10428
0.140829
-0.117274
0.102869
-0.0360269
0.0655242
-0.369454
-0.0558087
-0.345765
-0.110821
-0.141748
-0.148839
0.0277441
-0.0774066
-0.0240018
-0.350216
0.00144339
-0.204597
-0.0592616
0.205438
-0.472024
-0.357856
-0.251626
-0.109983
-0.25689
0.14549
-0.197025
-0.213733
0.135923
-0.195648
0.221971
-0.612901
0.231853
0.244868
0.264497
0.3068
-0.0819687
-0.149567
-0.316118
-0.421504
-0.132827
-0.144446
0.180987
-0.00136143
-0.0742808
-0.164359
0.132558
-0.0485196
0.266668
-0.130283
0.341923
0.199815
0.174425
0.195149
-0.141727
0.307291
0.358829
-0.211501
0.26504
-0.0183274
0.111614
0.207743
0.173921
0.0117915
0.450489
0.299195
0.373719
-0.119236
0.561799
-0.713055
0.115617
-0.223537
-0.370386
0.149627
0.351369
-0.0237463
-0.367852
0.268747
0.108264
-0.265826
0.405099
0.702659
0.354389
0.0800879
0.571979
0.323894
0.233142
-0.115348
0.699468
0.0235499
0.284466
0.0832103
0.163735
0.415206
0.338839
0.495928
0.143731
0.540365
0.0379735
0.215325
0.580979
0.383715
0.142375
0.193399
0.272524
-0.0798385
0.0439706
-0.174224
-0.00541508
-0.138864
0.220032
-0.494203
-0.340955
-0.221587
-0.167907
-0.0607823
-0.378441
-0.277212
-0.28593
-0.233137
0.195671
0.0637051
0.219662
-0.237425
-0.0455191
-0.252126
0.214211
0.24218
-0.0620121
-0.340465
-0.170585
0.127801
-0.221635
-0.355773
-0.0103251
-0.0845144
-0.00259542
-0.252983
-0.208804
-0.084051
0.0894337
0.0210414
-0.245114
0.134442
0.00440538
0.0861092
-0.205072
0.0333441
-0.252966
0.182613
-0.0136417
-0.163614
0.224701
-0.246515
-0.467903
-0.116759
-0.244812
-0.0343769
-0.222381
-0.30705
0.064153
-0.334524
-0.173427
-0.0727966
-0.275111
-0.439169
0.165048
0.00481009
-0.295382
0.188283
-0.28546
0.205315
0.209328
-0.0520554
-0.452602
0.0979775
-0.545526
-0.0989758
-0.332744
0.0924076
0.314957
0.32588
-0.0125397
-0.243733
0.242686
0.074192
0.209334
-0.155148
-0.26489
-0.296282
-0.000114322
-0.179675
-0.167846
0.175835
-0.158922
-0.36114
-0.0354342
-0.139708
-0.342545
-0.523645
-0.499837
-0.487131
-0.567504
-0.344587
-0.598391
-0.315094
-0.287944
-0.61148
-0.33589
-0.709935
-0.851685
-0.764334
-0.165437
-0.565114
-0.768725
-0.236763
-0.50111
-0.550489
-0.340177
-0.633834
-0.457954
-0.347356
-0.713115
-0.614428
-0.511095
-0.546422
-0.346065
-0.542581
-0.42538
-0.439503
-0.540852
-1.00578
-0.0815501
-0.283165
-0.243951
-0.365371
-0.0603344
-0.0661898
0.0346041
-0.461851
-1.00648
-0.0684835
-0.491799
-0.256006
-0.351301
0.166016
0.275388
0.219223
-0.108397
-0.11222
0.103574
0.0930595
-0.0879123
0.219656
-0.0939575
-0.245187
0.103238
-0.14657
0.0984015
