-1
-1
-1.00709
-1.0963
-0.998034
-0.922774
-0.856831
-0.987485
-0.807043
-0.93328
-1.0841
-0.95357
-0.940083
-0.97842
-0.949399
-0.935993
-1.01219
-0.971715
-1.02926
-0.926732
-0.945737
-1.01427
-1.00784
-0.788638
-1.01683
-0.931133
-0.807493
-0.722427
-0.632659
-0.604972
-0.538521
-0.398851
-0.253438
-0.253875
-0.255793
-0.243838
-0.154981
-0.108579
0.0539721
-0.28683
-0.0527628
-0.0148023
0.0692356
-0.0187253
0.0720477
0.288597
0.157971
0.0789213
-0.0670229
0.366837
0.490901
0.374853
0.0716314
0.0210056
0.219276
-0.0197006
0.267628
0.236598
0.035164
-0.053498
-0.11018
0.0718682
0.244433
0.00273514
0.00812554
0.0200511
0.0326706
0.0726124
0.00416791
0.0534174
0.0872141
0.0462496
0.0283558
0.131354
-0.147104
0.0211941
-0.0781776
-0.0123923
-0.0896295
0.0203774
-0.185322
-0.116737
-0.291609
-0.182198
-0.119647
-0.211729
-0.0928264
-0.139901
-0.217015
0.0731765
0.0509176
0.0436192
9.57251e-05
-0.26126
0.0523112
0.0502362
0.00257123
-0.00634992
-0.0772188
0.0724458
0.0537672
-0.17508
-0.123495
0.0723403
-0.124428
0.0550801
0.0666089
-0.0293978
0.0104685
0.0201755
0.0138276
-0.00277483
0.0946811
0.154061
-0.053468
-0.123171
-0.0770714
-0.0707142
-0.0675982
-0.0180364
0.0406526
-0.0476164
-0.0214894
0.0629162
0.0572637
-0.00968742
-0.0138109
0.0362872
-0.0522007
-0.0812563
-0.0693412
0.0445256
0.304457
-0.0636972
0.0770785
0.120897
0.0736227
0.209617
0.195462
0.0394713
0.0747591
0.288206
0.22014
0.0525805
0.200906
0.187998
0.276849
-0.00755113
0.19676
0.181832
-0.0792544
0.00456476
0.267707
-0.0006302
0.063048
-0.125068
-0.160767
0.184518
-0.0191683
-0.203426
0.0515693
0.0318147
0.0289613
-0.155037
0.0127189
-0.259546
-0.193754
-0.066463
-0.137492
0.0848782
-0.0953438
-0.120605
-0.0606152
-0.175057
-0.0102995
-0.0955985
-0.222429
0.0539583
-0.0464371
0.134373
0.0876868
0.0216745
0.0357255
-0.0674809
0.0840099
0.0938501
-0.0235371
0.0206716
-0.142617
0.042007
-0.0704547
0.0806788
0.0045048
0.170703
-0.041792
-0.199527
-0.0106763
0.0512633
0.0318114
0.104429
0.0613952
0.10274
0.085657
-0.0621135
0.108304
0.217225
0.0869393
0.159249
0.0382267
-0.0594517
-0.194638
-0.112496
-0.0569261
-0.230232
-0.193306
-0.371167
-0.128471
-0.386087
-0.0410792
-0.234497
-0.113761
-0.0636355
-0.204181
-0.0613096
-0.113352
-0.0337191
-0.172169
-0.111117
-0.0806582
-0.18412
-0.046685
0.138059
0.030794
0.102878
-0.0514818
-0.0457226
0.128574
-0.154926
0.243093
-0.0693765
-0.0381289
0.160151
-0.0586839
-0.108274
0.048407
0.0521325
-0.238376
-0.00996196
-0.0728611
-0.00587142
0.0306323
-0.11109
-0.028963
-0.0415663
0.0930579
-0.0318194
0.142196
0.0438174
-0.154944
0.147972
-0.14955
-0.24681
-0.0694206
-0.0878311
-0.193483
-0.156208
-0.131881
-0.00135785
0.0117739
-0.207677
-0.182549
-0.00454634
-0.220314
-0.109897
0.166527
-0.178847
-0.0999362
-0.0188496
0.0884941
0.119802
-0.000668645
0.0265896
-0.106295
-0.0664062
0.0161455
