-1
-1
-0.99747
-0.927089
-0.982975
-1.0087
-1.03015
-0.928363
-0.918126
-0.900383
-1.0134
-0.937647
-0.959725
-0.989922
-0.875281
-1.0772
-0.941336
-0.989384
-1.0554
-1.08128
-0.996902
-1.02308
-0.961424
-1.00089
-0.99681
-1.01039
-0.869838
-0.962363
-0.81292
-0.906411
-0.694609
-0.724274
-0.664744
-0.489741
-0.558112
-0.501648
-0.320035
-0.195392
-0.281672
-0.249783
-0.260498
-0.217161
-0.199639
-0.173245
-0.227504
-0.180684
-0.099653
-0.145336
-0.0177623
0.00986552
-0.140916
-0.124031
0.0033493
-0.100959
-0.049518
-0.0494959
-0.0822503
-0.0233946
0.0881617
-0.020902
-0.0275955
0.02914
0.0782036
-0.044765
0.0731715
0.067296
0.0447505
0.173598
0.0298709
-0.0356914
0.0705564
0.110248
0.110605
0.151957
0.0872293
0.143946
0.056308
0.0762658
0.0569166
-0.0097056
-0.019946
0.102588
0.00655413
0.0808455
0.0405637
0.0518855
-0.0276711
0.0964004
0.0759137
0.0953158
0.0158086
0.014321
-0.047873
0.00989914
-0.000712574
-0.08922
0.0235
-0.0356501
0.00208342
-0.0519314
-0.0701852
-0.0134182
-0.0369161
0.0720778
-0.0233386
0.0488147
-0.0475603
0.139529
0.0324101
0.144918
0.0862436
0.0382465
0.0416157
0.154661
0.222664
0.208742
0.0630569
0.0152792
0.176476
0.0644923
0.0342284
0.0149968
0.00730956
0.000176311
0.0256528
-0.0309507
-0.00764763
-0.12769
-0.109123
-0.0149329
-0.0758042
-0.0693867
-0.122463
-0.216294
0.0224705
-0.0213369
-0.0746276
-0.0176219
0.0487896
-0.0431499
0.0648707
-0.0131564
0.0790218
0.0737975
0.073547
0.0648605
0.0194184
0.09027
0.166713
0.137476
0.126539
0.273098
0.175395
0.145414
0.0897804
0.0363011
0.0532622
0.0684742
-0.0151216
0.039901
-0.0746238
-0.143891
-0.0778852
-0.0599539
-0.11052
-0.0742159
-0.208268
-0.106184
-0.208155
-0.16825
-0.102565
-0.114069
-0.216726
-0.216853
-0.137279
-0.117855
-0.123563
-0.104858
-0.102722
-0.0288898
-0.106944
0.00528228
-0.0955343
-0.0427608
0.0219978
0.0905662
0.0251352
0.0233349
0.137238
0.102303
0.120866
0.0422624
0.0872055
0.0919567
0.0884907
0.0577507
0.147197
0.104997
0.00256419
-0.0806246
-0.129773
-0.0786515
-0.227966
-0.119204
-0.178315
-0.202962
-0.252426
-0.220996
-0.258864
-0.195361
-0.193252
-0.15037
-0.166809
-0.206481
-0.30971
-0.279103
-0.242059
-0.205276
-0.177711
-0.171711
-0.219459
-0.0636767
-0.0671181
-0.150232
-0.127682
-0.195575
-0.127948
-0.219996
-0.0916273
-0.0770638
-0.179164
-0.1122
-0.0331254
-0.110702
-0.110227
-0.125645
-0.0918638
-0.0588775
-0.0083766
0.0778228
0.0420737
0.160114
0.153131
0.148165
0.211155
0.333348
0.354307
0.121562
0.147557
0.137966
0.0137459
0.0139215
-0.0979158
-0.0683042
-0.194206
-0.307199
-0.308123
-0.330153
-0.511171
-0.489798
-0.492546
-0.560248
-0.500845
-0.508137
-0.49169
-0.460364
-0.6143
-0.557546
-0.539887
-0.390549
-0.462946
-0.353288
-0.343621
-0.440452
-0.339779
-0.327552
-0.355868
-0.270221
-0.221398
-0.321012
-0.187733
-0.212164
-0.238844
-0.256188
-0.233377
-0.235616
-0.182166
-0.180701
-0.173788
-0.16074
-0.161914
-0.166486
-0.0907893
-0.0630983
-0.0618336
-0.119623
-0.0315734
0.0265857
-0.0452401
-0.142238
-0.0091086
-0.0605786
-0.0147547
0.0197766
