-1
-1
-0.850614
-1.17053
-0.952754
-1.16767
-0.907451
-0.986891
-1.07271
-0.870769
-1.10597
-1.32613
-0.933294
-0.864831
-0.844015
-0.911966
-1.14597
-0.944442
-1.0556
-0.861307
-0.618735
-0.777753
-0.526338
-0.604169
-0.428739
-0.527568
-0.463503
-0.405275
-0.535066
-0.457835
0.153633
-0.4547
-0.155831
-0.329404
-0.256125
0.220859
0.274864
0.128952
-0.135763
0.305567
0.188878
0.14976
0.307666
-0.0935559
-0.0908952
0.087298
-0.0391889
-0.134014
-0.39462
-0.0491349
-0.159737
0.204685
0.0255954
-0.460423
-0.0186841
-0.269769
0.262692
-0.147205
0.000304699
0.166911
-0.123833
0.213972
0.335439
-0.334644
0.118621
-0.326236
0.185159
-0.41847
0.0561681
-0.173878
-0.280299
-0.535613
-0.233805
-0.634193
-0.371288
-0.26938
-0.00833601
-0.462166
-0.212187
-0.137097
-0.508685
-0.295274
-0.34062
-0.174288
-0.0649248
0.0799097
0.222129
0.439281
0.315879
-0.346121
0.365412
0.087157
0.0557454
0.37167
0.431168
-0.193637
0.286935
-0.0109255
-0.161194
0.119646
0.275585
-0.0336379
0.246658
-0.276438
-0.032586
-0.386703
-0.559167
-0.26697
0.116742
-0.143263
-0.393062
-0.466795
-0.0194364
0.224628
-0.424448
-0.332471
-0.252867
0.0371534
-0.160081
-0.297286
-0.265019
0.0503436
-0.205177
-0.513272
-0.127554
0.261509
-0.112487
-0.490859
0.155441
-0.0965852
-0.388639
-0.0142196
0.541383
-0.0940884
-0.183564
-0.498621
0.40383
-0.00553578
-0.0261713
-0.523519
-0.42411
-0.49409
-0.210044
0.142684
0.183216
-0.0621684
0.15104
-0.530944
-0.315466
-0.240061
0.176258
-0.186072
0.184742
0.293644
-0.391207
0.171821
-0.250064
0.444266
-0.0995299
0.0941949
-0.0100251
0.157696
-0.0888089
-0.339921
-0.162567
-0.302825
-0.25562
-0.405096
-0.243255
-0.405178
-0.107054
-0.193838
-0.102712
-0.248592
-0.0603647
-0.394386
-0.235725
-0.543833
0.185901
-0.542988
-0.498752
0.0167068
-0.282271
-0.341713
-0.300071
-0.216104
-0.485208
-0.437177
-0.205981
-0.561353
-0.233647
-0.0435669
-0.0556275
0.0766701
-0.297593
0.144737
0.220506
-0.00819206
0.118891
-0.56223
0.336883
0.467185
0.13072
0.150155
-0.686178
-0.0528056
-0.476126
-0.434367
-0.426617
-0.317439
-0.627953
-0.708792
-0.549409
-0.967221
-0.704733
-0.4796
-0.752265
-0.771935
-0.638547
-0.759648
-0.914299
-0.633279
-0.332298
-0.626139
-0.447578
-0.624608
-0.323637
-0.52938
-0.804304
-0.374455
-0.341778
-0.44064
-0.150521
-0.422165
-0.231205
-0.0691183
-0.11424
-0.140345
0.0270946
0.116205
0.256633
0.327317
-0.00074774
0.202756
0.471048
0.0466201
0.669929
-0.125161
-0.288326
-0.300426
-0.794921
-0.406646
-0.875675
-0.868919
-1.30665
-0.769294
-0.992428
-0.92614
-0.785305
-0.773346
