-1
-1
-1
-1.01279
-1.17358
-0.996311
-0.860439
-0.741527
-0.977433
-0.651943
-0.879917
-1.1525
-0.917126
-0.893265
-1.14134
-0.91125
-0.88758
-1.02626
-0.953537
-1.0568
-0.871485
-0.916363
-0.857912
-0.925531
-0.752071
-0.841011
-0.446671
-0.875755
-0.887452
-0.750232
-0.554501
-0.436168
-0.273369
-0.0521199
-0.326716
-0.228253
-0.241074
-0.0748469
-0.228888
-0.269911
-0.348601
-0.110557
-0.241027
-0.0981544
-0.480179
-0.206911
-0.169505
0.0886496
-0.201049
-0.034007
0.178632
0.11203
-0.124546
-0.219242
0.369489
0.349878
0.399534
-0.0102194
-0.0906476
-0.0977762
0.184088
-0.0758008
0.433851
0.274155
0.0242754
0.140493
-0.041226
0.0275481
0.240516
0.221859
0.0386466
-0.0176759
-0.00864369
0.0868514
0.032513
0.0280743
0.0511694
0.0250467
0.208928
0.149576
0.146047
0.2382
-0.0363646
0.195552
0.0155149
-0.0345327
-0.0338909
0.18393
0.0243074
-0.0181587
-0.391671
-0.252092
-0.150491
-0.224402
-0.361055
-0.208996
-0.189621
0.205739
0.0463957
0.0658847
0.0153353
-0.361873
0.0383581
-0.0407615
0.107983
-0.134174
0.00326407
-0.0748568
-0.109339
0.042251
-0.248911
-0.307828
0.0376343
-0.382379
0.110819
0.0157901
-0.0584089
-0.0479192
-0.148
-0.128473
-0.129537
0.113616
0.142565
-0.25102
-0.201341
-0.201464
-0.0589848
-0.0694619
-0.0241851
0.0751884
-0.069153
-0.0494453
-0.0214243
0.0173752
-0.0985399
0.00827229
-0.094107
-0.161165
-0.165251
-0.209222
-0.0644774
0.245651
-0.0161806
-0.176051
0.108137
0.123729
0.0254855
0.0726128
0.151901
0.00975966
0.0305511
0.248759
-0.215045
0.200186
-0.0124119
0.14313
-0.0438888
0.383014
-0.0615718
-0.157419
0.141953
-0.0262716
0.0637501
0.280745
0.0832336
0.32579
-0.06312
-0.230519
0.25207
0.0871764
-0.190194
-0.00933272
0.0133184
-0.116178
-0.130656
-0.0202467
-0.418147
-0.0601481
-0.190334
-0.157514
0.0838473
-0.134732
-0.0726216
-0.129189
-0.208766
-0.00936627
-0.00681382
-0.27976
0.136475
-0.0803225
0.0334576
0.0414759
-0.114814
0.0322233
0.151694
0.126851
0.14983
0.0183432
0.235538
-0.119451
0.0591503
0.0601907
0.0537963
0.0357258
0.10317
-0.247656
-0.457649
-0.143668
-0.285809
-0.142589
-0.440772
-0.375423
-0.250863
-0.351141
-0.528405
-0.492562
-0.207352
-0.470922
-0.217125
-0.360207
-0.42203
-0.548742
-0.432278
-0.303693
-0.444054
-0.409263
-0.481015
-0.176064
-0.525409
-0.199141
0.204151
-0.132015
-0.0324647
0.0659778
-0.0340272
0.315964
0.114669
0.228081
-0.0981402
0.0476885
0.0959538
-0.090543
0.11269
0.207436
0.106359
0.00970137
-0.146009
-0.165931
-0.0701917
-0.448256
-0.0928842
-0.388703
-0.41972
-0.511921
-0.177331
-0.471454
-0.524318
-0.300306
-0.379823
-0.321687
-0.613669
-0.332299
-0.312893
-0.216944
-0.186282
-0.205447
-0.0132276
-0.256433
-0.154965
-0.0956696
0.204849
-0.155393
0.150762
0.00944924
-0.198034
