-1
-1
-0.997431
-0.925894
-0.982613
-1.00876
-1.03058
-0.927309
-0.916877
-0.898786
-1.01351
-0.936492
-0.958904
-0.989565
-0.873228
-1.0783
-0.940409
-0.989343
-1.05644
-1.08259
-0.996694
-1.02314
-0.919816
-0.912881
-0.851244
-0.831425
-0.668111
-0.747501
-0.582032
-0.668016
-0.439701
-0.451909
-0.399484
-0.247887
-0.344301
-0.328623
-0.285244
-0.226712
-0.124121
-0.225984
-0.201679
-0.225002
-0.132979
-0.198781
-0.187181
-0.162176
-0.218563
-0.169714
-0.0857351
-0.132164
-0.00090301
0.0292288
-0.122336
-0.115195
-0.100739
0.0306253
-0.0727813
-0.0185171
-0.0163378
-0.033128
0.0276936
0.0437198
0.164674
0.0611572
0.0610671
0.124412
0.179143
0.050916
0.15152
0.11885
0.0658069
0.164887
-0.0102948
-0.0985707
-0.0154341
0.00143123
-0.0155262
0.00989699
-0.0707172
-0.00393742
-0.0895499
-0.0620467
-0.0845534
-0.143858
-0.100816
-0.143639
-0.00233835
-0.0804105
0.0172007
7.45058e-05
0.0352409
-0.0331979
0.101187
0.0894307
-0.0104971
0.146081
0.0698217
0.0656807
0.0163472
0.0777519
0.0559568
-0.0245898
0.0873834
0.0222063
0.0546558
-0.0165139
-0.0442266
-0.0654044
-0.00662768
-0.0134994
-0.0541174
0.0339533
-0.0716062
0.00949419
-0.0817859
0.110461
0.0038414
0.116677
0.0636407
0.0184585
0.00655389
0.119604
0.104111
0.165018
0.141445
-0.015159
-0.0822406
0.0733773
-0.0474935
0.0186474
-0.0956979
-0.132427
-0.112961
-0.110508
-0.078694
-0.0601114
-0.0166261
-0.0517413
-0.00444734
-0.100092
-0.0540264
0.0709797
0.0385296
0.075678
0.0400038
-0.0411054
0.146072
0.221662
0.177481
0.104771
0.136641
0.173212
0.141431
0.0455846
0.123972
0.00869203
0.0648136
0.0199609
0.0403426
-0.0515896
-0.0989018
-0.184785
-0.146418
-0.106668
-0.183347
-0.223907
-0.0705519
-0.16173
-0.168965
-0.206136
-0.169352
-0.21003
-0.170475
-0.129869
-0.187098
-0.115452
-0.0764074
-0.162192
-0.147286
-0.174263
-0.0738514
-0.0238427
-0.0428618
0.0103252
-0.109249
0.00171363
-0.096854
-0.0531986
0.0146021
0.00371242
-0.129022
-0.138585
-0.089568
-0.0804904
-0.0891138
-0.0717772
-0.14251
-0.107334
-0.0336301
-0.111194
-0.155341
0.00922668
-0.0881615
-0.0319951
0.00219011
0.0477676
0.122774
0.0676932
0.0380851
0.1695
0.147879
0.143736
0.0335293
0.0573351
0.0392898
0.0152258
-0.0353197
0.0332114
-0.029541
-0.154586
-0.254562
-0.326794
-0.294195
-0.346973
-0.407527
-0.265351
-0.288907
-0.273962
-0.304003
-0.25939
-0.287147
-0.215755
-0.181222
-0.212147
-0.171592
-0.192682
-0.237878
-0.349612
-0.327705
-0.2959
-0.258912
-0.227611
-0.217735
-0.266466
-0.109458
-0.114159
-0.201168
-0.186991
-0.2643
-0.200671
-0.29594
-0.172028
-0.156411
-0.260987
-0.192052
-0.105418
-0.179883
-0.187207
-0.174491
-0.186128
-0.0299861
-0.161051
-0.139904
-0.124618
-0.0669056
0.0311136
-0.00399119
-0.00151551
0.126577
0.126735
0.127674
0.195397
0.16652
0.311264
0.359176
0.105443
0.0917377
0.036207
-0.139933
-0.188859
-0.345252
-0.358584
-0.473106
-0.539982
-0.691699
-0.672426
-0.652873
-0.77753
-0.730351
-0.720477
-0.779574
-0.718814
-0.721783
-0.703954
-0.675211
-0.803228
-0.683863
-0.702285
-0.66114
-0.463168
-0.510563
-0.357805
-0.328662
