-1
-1
-1.00684
-1.08351
-0.932753
-0.948986
-1.03882
-0.973923
-1.05046
-0.910263
-1.10037
-1.22065
-0.880068
-0.921499
-1.03807
-1.02516
-1.13311
-0.826435
-0.719313
-1.01244
-0.998358
-0.789294
-0.945617
-0.681266
-0.855601
-0.84929
-0.582274
-0.439985
-0.634293
-0.70231
-0.954379
-0.594002
-0.627387
-0.695698
-0.450711
-0.466417
-0.823265
-0.658532
-0.791405
-0.543722
-0.454763
-0.319947
-0.330085
-0.386438
-0.749426
-0.212016
-0.387574
-0.353306
-0.322403
-0.41882
-0.467557
-0.576939
-0.382233
-0.383895
-0.486743
-0.338972
-0.180417
-0.379416
-0.452762
-0.309232
-0.169826
-0.468614
-0.369885
-0.0655727
-0.791959
-0.444814
-0.70138
0.0998887
0.140606
-0.289285
-0.170944
-0.249132
-0.305494
-0.184604
-0.566705
0.00418842
0.110404
-0.00672907
-0.126916
-0.0918995
-0.142295
0.112157
-0.455417
-0.00547415
0.230901
0.0694484
0.656075
-0.489183
-0.342335
0.0811148
0.319451
0.19429
0.171934
0.011708
-0.128708
-0.190501
0.0517825
-0.0512577
-0.0978683
0.016732
-0.391709
-0.355576
-0.193899
-0.241544
0.258609
-0.17773
0.360594
0.169915
-0.271904
0.197855
0.185122
0.79153
0.0335346
0.0744543
-0.10473
0.486071
-0.267923
-0.091352
0.244333
-0.12637
-0.576647
-0.346611
0.133797
-0.421207
0.263512
0.0714751
-0.115648
-0.227183
-0.185908
0.0604343
-0.176445
0.2476
0.496586
0.163723
0.261451
0.148639
0.149389
-0.206775
-0.124395
-0.186703
-0.192395
0.193292
-0.432456
-0.000838816
-0.563517
0.17012
-0.282231
-0.291238
-0.780813
-0.36722
-0.377048
-0.17091
-0.363827
-0.564116
-0.524675
0.282865
0.242689
-0.0485399
-0.278097
-0.134813
0.0767955
-0.155681
-0.00348508
-0.367466
-0.218201
-0.668678
-0.181446
-0.300174
-0.342308
0.00795758
-0.607286
-0.462245
-0.56239
-0.183426
-0.194257
-0.319294
-0.366889
-0.0430176
-0.0921899
-0.230102
-0.233619
0.673445
0.26329
-0.351065
0.443859
0.439544
-0.0950045
-0.108877
0.274144
-0.024321
-0.1724
-0.32055
-0.190345
0.119702
0.00401211
-0.262315
-0.252921
-0.0406176
0.109822
0.178461
0.133036
-0.289738
-0.266086
-0.405412
-0.192893
-0.277371
-0.114119
-0.265255
-0.180907
-0.39959
-0.482416
-0.324046
-0.429409
9.67979e-05
-0.163451
-0.304752
-0.0351023
0.593878
-0.4777
-0.433657
-0.317942
-0.404319
-0.331857
-0.000202775
-0.0488813
-0.265236
-0.361302
-0.553437
-0.127244
-0.463505
-0.417849
-0.300944
-0.373555
0.26526
0.352308
0.0701497
0.405914
-0.0230438
-0.327765
-0.192867
0.142592
0.0674158
-0.402545
-0.00551724
-0.325332
-0.155196
-0.132735
-0.319727
-0.378869
-0.352303
-0.413159
-0.506641
0.00657892
-0.41574
0.0442152
-0.0217096
-0.244559
0.376386
-0.448221
0.296475
-0.0736019
0.322016
-0.0945345
-0.270612
-0.0123032
0.180783
0.182736
-0.155573
-0.464482
-0.292953
-0.218968
-0.0984398
-0.625537
-0.486415
-0.335463
-0.357651
-0.314166
-0.508941
-0.291538
-0.532504
-0.553192
-0.750138
-0.95203
-0.771153
-0.864206
-0.686356
-0.983318
-0.795225
-1.01661
-0.695449
-0.742735
-0.570289
-0.85046
-0.437678
-0.849007
-0.763374
-0.856307
-0.691744
-0.624762
-0.620732
-0.750846
-0.768891
-0.525733
-0.317227
-0.546369
-0.331197
-0.231741
-0.333446
-0.195586
-0.15006
-0.281656
