-1
-0.955672
-0.77386
-1.20739
-0.920888
-1.08066
-1.00578
-0.871293
-1.00937
-0.853607
-1.12336
-1.22567
-0.882051
-0.778617
-1.15652
-0.93607
-1.02846
-1.01308
-0.87988
-1.20485
-0.876879
-1.01609
-0.958383
-0.964332
-0.70201
-0.699612
-0.60635
-0.542087
-0.287309
-0.0722628
-0.407279
-0.519033
-0.474992
0.204944
0.241705
-0.0107361
0.0955908
0.21621
-0.199944
-0.090634
-0.27164
-0.245196
-0.169505
-0.302658
0.0101278
0.132022
0.0512125
0.0723535
0.152083
0.00626516
-0.0650793
-0.254589
0.000176668
0.280328
0.164856
0.107315
-0.333254
-0.398763
0.0529468
0.0402948
-0.0431644
-0.246033
-0.141306
0.0110327
-0.165568
-0.245512
-0.547173
-0.145575
0.00194955
-0.0430109
-0.324263
-0.0360371
-0.201733
-0.0806633
-0.00411236
-0.0562083
-0.359813
-0.100455
-0.11322
0.405609
0.0946653
0.200782
0.0846237
0.0785012
0.128093
0.365221
0.0495085
-0.0782593
-0.254868
0.521823
0.0747367
0.111931
0.260227
-0.11683
0.209411
0.178616
-0.0518954
-0.639365
0.0694656
0.07436
-0.17312
-0.0935577
-0.237285
-0.169305
-0.369542
0.0710189
0.0855703
0.236382
-0.22507
-0.193482
0.0391748
0.107877
-0.207397
-0.408652
0.146991
-0.609262
-0.26992
-0.306195
-0.20644
-0.119185
-0.422692
-0.00909489
-0.308559
0.0375016
-0.346978
-0.10079
-0.293325
-0.439582
-0.155662
-0.59912
-0.245329
0.268554
-0.0949838
0.107311
0.0953929
0.339249
0.39951
-0.202584
-0.12464
0.788357
-0.102741
0.108893
0.0287952
0.348715
0.310659
0.0409875
0.575959
-0.330724
0.441609
0.389282
0.154356
-0.258281
0.194617
0.332596
0.0698959
-0.0750114
-0.345071
0.170216
0.0338154
-0.630301
-0.810051
-0.0805908
-0.459213
0.123356
-0.510083
-0.29428
-0.673502
-0.094342
-0.28671
-0.725363
-0.309502
-0.346939
-0.54118
-0.173817
-0.452403
-0.0186843
-0.223832
-0.464726
0.0275545
-0.172597
-0.219645
-0.229376
-0.407219
0.0089463
-0.34796
-0.0733144
-0.184467
0.0857681
-0.212615
-0.245468
-0.367885
-0.250793
0.0255482
-0.0360401
-0.566837
-0.661434
0.0116038
-0.0885574
-0.274244
-0.352084
0.0689203
0.00461543
-0.210206
-0.191677
0.0880299
-0.222808
0.0815866
-0.373749
-0.026378
-0.403963
0.0402552
0.19248
0.163484
-0.422036
0.0881152
-0.249511
-0.471261
-0.228778
-0.628495
-0.326451
-0.355813
-0.331063
-0.0491592
-0.495022
-0.529539
-0.0259296
-0.0704979
0.00727558
-0.0711392
-0.37478
-0.0227177
0.0910354
0.306242
-0.330465
0.16688
0.015802
0.00652146
0.00580466
0.135967
0.520757
-0.17637
0.584309
-0.124485
-0.00565571
-0.116042
-0.192839
-0.205078
-0.422966
-0.465971
-0.40425
-0.517202
-0.448939
-0.464136
-0.518655
-0.615529
-0.418963
-0.592404
-0.601294
-0.754856
-0.435117
-0.213047
-0.371555
-0.0544029
0.0691683
0.256952
-0.0321373
0.303421
0.39617
0.221897
-0.111842
-0.0762331
0.543388
0.0101156
0.0775315
