-1
-1
-1
-0.975543
-1.01435
-1.06133
-1.0012
-0.972507
-0.938888
-1.00676
-1.03008
-0.982665
-1.06886
-1.03093
-1.07283
-1.0342
-0.977807
-1.03628
-0.973907
-1.05033
-0.968471
-0.979452
-0.891561
-0.889829
-0.959195
-0.904131
-0.689253
-0.773206
-0.55824
-0.312057
-0.514352
-0.524816
-0.3155
-0.337564
-0.241314
-0.386531
-0.0354689
-0.268396
-0.224472
-0.0817541
-0.14359
-0.301917
-0.067686
-0.318223
-0.0730295
0.0118496
0.512474
-0.169862
-0.0866727
0.399438
0.148819
0.173603
0.316715
0.0148922
0.315245
0.140388
0.420501
0.284638
0.0658089
0.396601
0.17769
0.623384
-0.0415399
0.312177
0.189429
0.327263
0.0905322
-0.0797019
-3.51667e-06
-0.0187326
0.22554
-0.0637034
0.105693
-0.0308432
0.12574
-0.0118343
0.0467622
-0.0650371
0.255634
-0.0603431
0.312956
0.238758
-0.0707416
-0.0755499
-0.169672
0.0726037
0.243996
0.227371
0.124824
0.373415
0.171346
0.181521
0.426796
0.155874
0.338036
0.256874
0.0913733
0.205537
0.0630454
0.13161
0.274455
0.216257
0.0347097
-0.236396
-0.0230553
0.131304
0.233033
0.0140166
-0.0626876
0.0871203
-0.269949
-0.0489085
0.0671724
-0.0913708
0.17108
-0.362634
0.077988
-0.0946331
-0.0365034
-0.0844239
0.213599
0.0863349
0.135864
0.123387
-0.122456
-0.0589234
0.0272963
0.0184327
-0.109444
-0.196213
-0.0816388
-0.428813
-0.129488
-0.111016
0.124066
-0.0855176
-0.174727
-0.120168
-0.321589
-0.330234
0.00535941
-0.430588
-0.139259
-0.105318
-0.208305
-0.0575625
-0.163614
-0.204028
-0.0475577
-0.127807
-0.210745
-0.452444
-0.140371
-0.00062871
0.0593264
-0.262323
-0.0212636
-0.169074
-0.0102468
0.0635993
0.0229267
-0.234734
-0.0417305
-0.03144
0.301029
-0.0154263
-0.0245073
-0.0825545
-0.282546
-0.120279
-0.0949583
0.00360966
-0.0681693
-0.0313338
0.0609713
-0.0440795
0.283387
0.11151
0.157121
0.0972881
-0.0914215
-0.118598
-0.236949
0.0818295
0.0324761
-0.261559
-0.179141
-0.295102
-0.215071
-0.13113
-0.347948
-0.180151
-0.215889
-0.176762
-0.13657
-0.250127
-0.318469
-0.178544
-0.110081
-0.0541625
-0.327576
-0.297741
-0.431639
-0.401934
-0.288002
-0.365038
-0.262378
-0.180068
-0.318281
-0.19481
0.0486751
0.0936073
-0.174814
-0.110816
0.0101331
-0.0217026
-0.140196
-0.0953248
-0.0434641
-0.182943
-0.0808867
-0.1803
-0.206529
-0.178521
-0.137788
-0.190024
-0.487551
-0.284404
-0.399821
-0.230618
-0.255164
-0.247575
-0.272276
-0.328454
-0.198823
-0.125703
-0.128898
-0.161213
-0.311409
-0.223376
-0.157796
-0.437279
-0.162672
-0.144182
-0.248394
-0.207621
0.0808375
0.0923774
0.0354205
0.00790918
-0.0636446
0.213524
0.136263
-0.268211
0.0550051
0.340977
0.180943
-0.0716953
-0.235868
-0.0417101
-0.0673057
-0.239612
-0.386429
-0.32738
-0.436482
