-1
-1
-1
-0.988487
-0.882951
-1.08409
-1.11389
-0.965911
-1.05791
-1.08106
-0.91669
-0.93521
-0.794079
-0.86469
-1.01064
-1.23872
-0.942101
-1.01403
-0.923278
-0.724622
-0.80533
-0.800573
-0.721691
-0.673227
-0.675603
-0.683032
-0.568922
-0.485052
-0.552906
-0.0930467
-0.298716
-0.296661
-0.380073
-0.407008
-0.168727
-0.27238
-0.395253
-0.121691
-0.293641
-0.179173
-0.276011
-0.00340545
0.0370694
-0.202067
-0.0428887
-0.151189
-0.0705097
0.0584416
-0.0682933
0.431067
-0.0877358
0.0702683
0.215697
-0.0382961
0.291368
0.165508
0.119348
0.166159
0.316996
0.0109324
0.319962
0.279714
0.0762938
0.295667
0.134093
0.255258
0.054723
0.0730246
0.016112
-0.139786
-0.0695699
-0.0687885
-0.166079
0.122931
-0.152566
-0.0124813
-0.292091
-0.232839
-0.273961
-0.0591712
-0.14711
-0.003654
-0.10168
-0.11177
-0.194842
-0.205144
0.124605
-0.0226489
-0.0742734
-0.206368
-0.0748189
-0.045045
0.111154
0.0206323
0.0115769
0.255232
0.174835
0.137978
0.0451686
0.180423
0.0268399
-0.125298
0.0136329
-0.0595176
-0.0499477
0.256974
0.150475
-0.215469
0.00408614
-0.0982192
-0.0516258
-0.158267
-0.0244371
-0.109719
-0.180662
-0.221313
-0.187903
-0.134464
-0.331219
-0.211887
0.033896
-0.265653
-0.264149
-0.139211
-0.0841829
-0.0461847
-0.0819555
-0.00326437
-0.129619
-0.210752
-0.238161
-0.0534215
-0.151015
-0.0588066
-0.0442678
0.00310802
0.0688078
0.00296974
-0.139498
-0.10361
-0.0603305
-0.116608
0.00201023
-0.133372
-0.0715252
0.0502732
-0.0165698
-0.0964515
-0.220232
-0.26848
-0.258874
-0.307108
-0.185233
-0.0722281
-0.233721
-0.03236
-0.123797
-0.121469
0.0191761
0.123076
0.0776284
0.0890212
0.0708442
0.233505
0.334606
0.315869
0.0511926
0.0910933
0.206744
0.0536672
0.0224706
-0.0269856
-0.101301
0.0570943
-0.144149
-0.0605841
-0.058322
-0.265609
-0.335471
-0.277415
-0.240823
-0.467875
-0.46623
-0.455019
-0.319699
-0.279627
-0.552273
-0.379867
-0.373626
-0.353848
-0.315883
-0.455402
-0.446214
-0.455945
-0.356084
-0.342736
-0.56532
-0.461055
-0.444171
-0.219118
-0.307854
-0.392433
-0.440721
-0.35183
-0.217194
-0.239609
-0.364186
-0.30939
-0.151605
-0.173271
0.173042
-0.0812676
-0.0181568
-0.106858
0.0122888
0.0231677
-0.207449
-0.310238
-0.181265
-0.306965
-0.258852
-0.410134
-0.512629
-0.445846
-0.469665
-0.479497
-0.448314
-0.497849
-0.580638
-0.610938
-0.430874
-0.506971
-0.451155
-0.253795
-0.213058
-0.275953
-0.215373
-0.323524
-0.122225
-0.144373
-0.210668
-0.205764
-0.334953
-0.302366
-0.356468
-0.0641396
-0.0102252
