-1
-1.0186
-0.911185
-1.08185
-1.02995
-0.88284
-0.944695
-0.936411
-0.958223
-1.08658
-0.974259
-1.01291
-1.00885
-0.963556
-1.23492
-1.01826
-0.913979
-0.878154
-0.978737
-1.00358
-0.920841
-0.843948
-0.616582
-0.606439
-0.784235
-0.41161
-0.479501
-0.416982
-0.190585
-0.188344
0.0594003
-0.281588
0.125207
-0.315999
0.0774776
-0.375259
0.111533
-0.0870402
0.00745392
-0.0546064
-0.328395
-0.622488
-0.177409
-0.240698
-0.0588162
-0.579935
-0.336894
0.0368046
-0.116569
-0.133891
-0.250535
-0.300582
-0.0430176
-0.131786
-0.0685974
-0.129853
0.0856129
-0.119069
0.130092
0.157213
-0.0819203
0.125376
-0.238656
0.325633
0.256225
0.459399
-0.164377
0.0671445
0.49163
0.0815822
0.441975
-0.0657889
0.164556
0.0576395
-0.559457
0.190872
-0.077973
-0.122985
0.0309253
-0.189223
-0.18612
-0.229577
0.322612
-0.336925
-0.155651
0.443525
0.383231
0.0892503
0.0411041
0.259682
0.00047195
-0.0346245
0.202211
0.123873
-0.17117
-0.0998172
-0.0373291
-0.287097
0.000271082
-0.215186
0.105135
-0.264096
-0.284407
-0.384825
0.00556242
-0.0558603
0.248452
-0.49971
-0.360484
-0.240584
0.115337
-0.246611
0.169002
-0.188068
-0.215004
-0.0646864
0.0292987
0.320583
-0.111156
-0.00597072
-0.2018
-0.645033
-0.202865
-0.100815
-0.0103791
-0.014823
-0.338553
-0.403729
-0.0468426
-0.126629
-0.0149314
0.0347899
-0.0889327
-0.257811
0.0974193
-0.0760517
0.229504
-0.164298
-0.213737
-0.227658
0.171403
-0.350761
-0.036844
-0.414917
0.152998
-0.253408
-0.256437
-0.148919
0.296956
-0.331817
-0.231067
-0.169123
0.0429661
0.193707
0.00732994
-0.0199986
-0.0287266
0.0406201
-0.256781
-0.278525
-0.147508
-0.335545
-0.354167
-0.332092
-0.294484
-0.47493
-0.587239
-0.326889
-0.358097
-0.430404
-0.295924
-0.333598
-0.56025
-0.268609
-0.316013
-0.202611
-0.556437
-0.331195
0.0962108
-0.409764
0.00571907
-0.576247
0.0198435
-0.185098
0.0131311
-0.263014
0.0462455
0.0770073
-0.0826711
0.0825059
-0.179614
-0.185585
-0.405871
-0.372219
-0.147793
-0.427039
-0.513804
-0.509294
-0.281541
-0.20879
-0.178001
-0.314767
-0.285394
-0.475491
-0.0373145
0.193369
-0.163002
-0.27062
-0.155438
-0.412805
-0.197635
-0.172219
-0.250652
0.0631726
0.10575
-0.0106444
-0.130461
-0.0144825
0.0342444
0.0781754
0.542943
0.135822
0.259713
0.146097
-0.0296805
-0.14341
0.250691
-0.12846
-0.477549
-0.46558
-0.30408
-0.523443
-0.707155
-0.464445
-0.767782
-0.828895
-0.854413
-0.620494
-0.666194
-0.673245
-0.558575
-0.606069
-0.370613
-0.46033
-0.321724
-0.124502
-0.178014
-0.413215
-0.43338
-0.247271
0.0697576
0.068723
-0.557158
