-1
-1
-1.14273
-0.946603
-0.82083
-0.897322
-0.998757
-1.2621
-1.12191
-1.0834
-1.07518
-0.859718
-0.783027
-1.12442
-0.961849
-1.01491
-1.04487
-1.05147
-1.01709
-1.03853
-0.998084
-0.935702
-1.03004
-1.11904
-0.88066
-0.89265
-0.897058
-0.755424
-0.830921
-0.506842
-0.486995
-0.119105
-0.640812
-0.693783
-0.00676757
-0.4016
0.136776
-0.414147
-0.202997
-0.18273
-0.2297
-0.0714189
-0.0132357
-0.525744
-0.562797
-0.232899
-0.431408
0.347501
-0.151196
0.200291
-0.122084
-0.17599
-0.116944
0.119671
-0.0888048
0.445305
0.268837
-0.0978113
0.0537484
0.43109
-0.0614535
-0.198104
-0.0663631
0.208662
0.408159
0.276977
0.225815
-0.116349
0.432741
0.277309
-0.224133
0.371744
0.166197
0.440038
-0.00961453
-0.0687715
0.0809267
-0.0849662
-0.415235
0.0965192
0.0887742
0.0282971
-0.0429054
-0.0439883
0.393352
0.0442605
0.0623162
-0.253649
0.134905
-0.315253
0.347544
0.463126
0.545845
0.813442
-0.21777
-0.343982
-0.141317
0.550195
0.444425
-0.411015
0.455067
0.00288367
0.165243
0.450069
0.0683205
0.0570196
0.396712
0.1268
-0.0236045
0.224959
0.674845
0.185173
0.136245
0.162865
-0.070049
-0.221411
-0.0464895
0.117887
0.21893
-0.129254
-0.156644
-0.0335721
-0.233959
-0.061721
-0.173132
0.0348665
-0.732816
-0.10113
-0.0329512
0.266022
-0.0284981
0.0331187
-0.671602
0.0965574
-0.166976
0.156904
-0.144286
0.66159
0.233654
-0.0450042
0.117305
0.339275
-0.281338
0.408686
0.119551
0.322549
0.267612
0.216254
0.0686896
-0.089084
-0.0424398
-0.55792
0.0792693
-0.0935356
0.0419925
-0.382079
-0.749551
0.11228
-0.0775086
0.260279
-0.398365
0.138431
-0.218837
-0.0538812
-0.0648621
-0.0989572
-0.0692319
0.267958
-0.44763
-0.0456026
-0.0413255
0.313482
-0.514966
0.282205
0.0135669
-0.0206693
0.0323039
-0.280207
-0.419277
-0.278571
-0.169156
-0.0577244
-0.197112
-0.181557
-0.138984
-0.0533155
-0.0382962
0.369432
-0.0543699
0.645858
0.374655
0.0140716
0.273868
0.151267
0.786727
0.1845
-0.197932
-0.236396
-0.0471391
0.0376991
0.0272698
-0.153725
-0.130382
-0.116627
-0.395566
0.224371
0.195944
-0.149199
-0.0907536
-0.407891
0.213428
-0.303223
-0.00106728
-0.387264
-0.154141
-0.268935
0.0316601
0.0440028
-0.264881
-0.529007
-0.46235
-0.228984
0.0805912
-0.0915338
-0.237608
-0.377969
-0.0275125
-0.449598
-0.437354
-0.0211275
-0.00257999
-0.265844
-0.179334
-0.0729268
-0.558714
0.0440593
0.0236367
0.562639
0.085765
-0.0118876
-0.127348
0.413281
0.333683
0.357552
-0.151893
-0.0350085
0.00659537
0.113903
-0.244114
0.341114
-0.336215
-0.234228
-0.118917
-0.467243
-0.0306025
-0.123298
-0.184034
-0.461445
-0.352546
-0.000643909
0.0413663
-0.0859321
-0.0405006
-0.0355982
-0.236278
-0.77788
-0.398842
-0.197705
-0.0186738
-0.235489
-0.216404
-0.427311
-0.138506
-0.315023
-0.0856898
-0.353384
-0.471139
-0.646883
-0.534096
-0.400377
-0.444763
-0.391662
-0.428765
-0.408502
-0.215148
-0.507868
-0.381126
0.0658528
-0.704488
-0.209953
-0.390969
0.145915
-0.439361
-0.0874453
-0.300866
-0.391724
0.0617089
-0.151071
-0.248571
-0.449062
-0.600206
-0.389519
-0.256526
-0.612478
-0.484541
-0.379892
-0.565038
0.0147576
-0.503655
-0.178494
