-1
-1
-0.958001
-1.02431
-1.10527
-1.00227
-0.952638
-0.894759
-1.01105
-1.05104
-0.969314
-1.11745
-1.05286
-1.12541
-1.06012
-0.964587
-1.06441
-0.957794
-1.08975
-0.948981
-0.968685
-0.903531
-0.939278
-1.08499
-1.00053
-0.826835
-0.58489
-0.321904
-0.595435
-0.37015
-0.391179
-0.427928
-0.101054
-0.30452
-0.325138
-0.153817
-0.160569
-0.30396
-0.0530489
-0.311087
-0.101197
0.0430816
0.518349
-0.204664
-0.167037
0.341856
0.125838
0.115987
0.302668
-0.0269277
0.25006
0.140021
0.353703
0.343576
0.017539
0.349803
0.137167
0.615203
-0.0564632
0.328108
0.170931
0.323712
-0.0879048
-0.00798035
0.0241095
0.270793
-0.0813587
0.186888
0.0351146
0.215206
0.121938
0.192166
0.0525213
0.353088
0.0215286
0.331588
-0.0925184
0.00171697
-0.250638
-0.0136412
0.270208
0.160377
0.38482
0.121602
0.100457
0.35281
0.0201142
0.285287
0.0240722
0.0132611
-0.0622598
-0.0173194
0.210887
0.0735428
-0.0555408
-0.271424
0.0360007
0.112039
-0.010966
-0.203157
0.0943091
-0.328042
-0.025194
-0.182717
0.130105
-0.34755
0.0725183
-0.0252815
-0.00207585
-0.0447354
0.290605
0.236782
0.21833
0.192965
0.00645745
0.102123
0.107517
-0.0338
-0.0953008
-0.347129
-0.114312
-0.125761
0.155942
-0.185892
-0.256299
-0.150452
-0.411704
-0.0728809
-0.467482
-0.221131
-0.27804
-0.419912
-0.237015
-0.282938
-0.369792
-0.245315
-0.209224
-0.342045
-0.651534
-0.247662
-0.06412
-0.163033
-0.37078
-0.158624
-0.220256
-0.23924
-0.0518706
-0.387837
-0.182658
-0.230078
0.0965536
-0.189627
-0.131346
-0.239216
-0.431382
-0.261456
-0.158954
-0.208345
-0.122231
-0.0230854
-0.239375
0.113741
-0.0129649
0.183471
0.0957394
-0.140179
-0.0488123
0.0910743
0.0996867
-0.138432
-0.0463063
-0.18019
-0.221156
-0.124154
-0.391548
-0.145143
-0.161214
-0.089895
-0.127245
-0.205509
-0.3075
-0.237929
-0.0368105
-0.0119647
-0.314126
-0.302798
-0.465822
-0.434572
-0.295377
-0.353479
-0.221457
-0.165289
-0.296957
-0.0596381
0.0513229
0.144276
-0.103157
0.0517619
-0.0641376
-0.18153
-0.0821614
0.0389045
-0.112373
0.0408907
-0.0742959
-0.0927761
0.0144722
0.0487884
-0.415983
-0.154063
-0.390375
-0.150849
-0.236865
-0.172827
-0.219768
-0.355926
-0.219088
-0.155316
-0.132055
-0.195893
-0.381575
-0.242425
-0.159432
-0.492331
-0.181179
-0.185466
-0.336228
-0.345376
0.0148268
0.0116103
-0.0590883
-0.0294
-0.164627
0.131083
0.167166
-0.352368
0.0216941
0.389233
0.40314
0.113581
-0.0578318
0.233504
0.190385
0.0103114
-0.223194
-0.165318
-0.261458
-0.633029
-0.486526
-0.824652
-0.566079
-0.865224
-0.836738
-0.684339
-0.780605
-0.680633
-0.815226
-0.914781
-0.870163
-0.79893
-0.850572
-0.774933
-0.622041
-0.726877
-0.669292
-0.436847
-0.540123
-0.490839
-0.43445
