-1
-1
-0.968195
-1.09198
-0.776993
-1.18048
-1.2746
-1.10735
-1.14082
-1.13534
-0.994427
-0.906652
-1.19418
-0.909139
-1.07612
-1.01099
-0.876909
-0.841077
-0.845647
-1.26823
-0.922031
-1.06029
-0.489001
-0.884918
-0.718017
-0.620964
-0.446467
-0.223622
-0.624192
-0.305935
-0.290898
-0.180482
0.212849
-0.126691
-0.116171
0.0542864
-0.0900642
0.21006
-0.0355289
0.0321977
-0.0341429
-0.177561
0.223849
-0.326605
-0.237881
0.0507458
0.297112
-0.240512
0.0252826
-0.330811
-0.0642033
-0.205986
-0.275431
-0.330016
-0.0370638
-0.252884
-0.266447
-0.170743
-0.149415
0.206916
-0.492815
-0.205727
-0.37647
0.334073
0.107089
0.210703
0.0867138
-0.208619
-0.0708822
-0.119719
-0.0507323
0.284216
0.220442
0.340149
-0.0360166
0.022583
0.0373601
-0.00296211
0.326445
-0.274864
0.205642
0.410099
-0.212808
0.0905254
-0.187723
-0.301507
0.0513508
0.783394
0.536192
-0.386533
-0.158138
0.0593089
-0.266541
0.0484124
0.0208594
0.239745
0.544807
0.259065
0.301506
0.373163
0.467599
0.134203
-0.217577
0.166385
0.207781
0.0668321
0.0509037
-0.0714559
-0.0865607
0.0924944
-0.0332524
-0.106378
-0.0162931
-0.176103
0.134784
0.0533386
-0.108136
-0.1668
0.0129502
0.274953
0.256866
0.0193725
-0.0151342
0.172992
-0.164385
0.0771912
-0.00382257
0.0620699
-0.270796
-0.185497
-0.158008
-0.239758
-0.138782
0.115269
-0.19537
0.182899
-0.30781
0.0258338
-0.210815
-0.0450433
-0.0553895
-0.0874438
-0.182416
-0.0670471
0.109421
-0.0485934
-0.124839
-0.329851
-0.230765
0.163235
0.084765
0.227028
0.27848
0.371175
0.287256
-0.0290329
-0.106949
0.234023
0.200674
0.235962
-0.311125
-0.11213
0.155088
0.0328306
-0.00970429
-0.164662
-0.103344
-0.517867
-0.181886
-0.292531
0.0779566
-0.616987
-0.395145
-0.408358
-0.65005
-0.27462
-0.117702
0.0386968
-0.0369095
0.0907787
-0.241878
0.0431509
-0.0942685
-0.00298816
-0.173517
-0.245096
-0.243071
-0.220304
-0.139145
-0.156651
-0.044704
-0.00117195
-0.151199
0.113852
0.124982
-0.167257
0.0748155
0.0521692
0.035187
0.18119
-0.367158
-0.0786346
0.041989
0.105699
-0.263195
-0.0870873
-0.094065
-0.518415
-0.423171
-0.418971
-0.357433
-0.350203
0.085135
-0.422229
-0.152501
-0.240238
-0.153128
-0.201226
-0.14197
-0.202781
-0.220404
-0.318343
-0.414876
-0.316929
-0.128257
-0.130777
-0.373925
-0.331209
-0.212894
-0.301448
0.162565
-0.563255
-0.126106
-0.0904478
-0.207316
0.00909066
-0.0844064
0.101509
-0.191244
-0.215494
-0.141372
0.233141
-0.160963
-0.0763839
-0.402864
-0.0872694
-0.527698
-0.454718
-0.304924
-0.32983
-0.216897
-0.364331
-0.193831
-0.431447
0.285034
-0.339435
-0.57478
-0.522373
-0.273002
-0.296678
-0.00326908
-0.240059
-0.0869706
-0.0127277
-0.527789
-0.209844
0.0773101
-0.248587
0.0154887
-0.330302
-0.177015
0.168844
-0.271613
-0.452536
-0.656366
-0.0965794
0.0756365
-0.279154
-0.423835
-0.458204
-0.472138
-0.156565
-0.0345895
-0.28061
-0.444234
-0.103627
-0.131392
-0.335572
0.110086
-0.376361
-0.111462
0.21721
-0.253486
-0.442414
-0.425883
-0.385564
