-1
-1
-0.790198
-1.20732
-0.841641
-0.859539
-1.00145
-0.949609
-1.1315
-1.00632
-1.07594
-1.059
-0.9528
-1.00192
-1.08433
-1.14185
-0.77134
-1.03632
-0.925224
-1.00324
-1.17982
-0.932183
-0.856429
-1.06163
-1.26036
-0.983308
-0.834876
-0.91441
-0.716882
-0.981133
-0.74899
-0.844998
-0.740824
-0.869752
-0.527858
-0.556575
-0.672978
-0.542748
-0.509494
-0.313524
-0.718147
-0.298558
-0.236424
-0.296563
0.00760722
-0.492159
-0.305345
-0.0813783
-0.00200582
-0.135446
-0.0765428
-0.283163
-0.0277767
-0.0428834
-0.535109
-0.748505
-0.180651
-0.333884
-0.113714
0.124913
-0.260728
-0.17729
0.0189167
-0.0307736
-0.225304
-0.107105
-0.236115
-0.128331
-0.449828
-0.168126
-0.410747
-0.149467
-0.411724
-0.204124
0.243533
-0.202459
0.158666
-0.385419
0.153838
-0.192014
-0.229283
0.0145066
0.314197
0.0218869
-0.0800974
0.00877166
-0.0956032
-0.113631
0.172823
0.0578951
-0.0832939
0.00625801
-0.290756
-0.256138
0.2692
-0.144618
-0.189723
0.369568
0.139789
-0.0647024
0.408972
0.145889
0.233807
0.100931
0.111362
0.157011
-0.21748
0.351613
-0.223538
0.18857
0.566526
0.159457
0.312715
-0.0527397
0.356515
-0.162073
-0.00504988
-0.233486
0.0808569
-0.263441
-0.0734717
0.551621
0.381512
0.144794
0.129948
0.49956
0.00929081
0.0447832
-0.137276
-0.140143
0.0784302
0.164548
-0.0143721
0.403836
0.732919
-0.0455133
0.287796
-0.0966608
0.446838
-0.262859
-0.0521155
0.121163
0.606622
0.317787
0.266395
0.0920045
-0.106125
0.465997
0.180648
0.282291
0.4445
0.511575
-0.123459
0.122907
0.314932
0.220065
0.403351
0.311006
0.557721
0.490307
0.0274391
0.0319622
-0.267471
0.353145
0.248171
-0.0963704
0.479808
0.121388
-0.228746
-0.308938
-0.121992
0.39737
0.207224
0.565599
0.175281
0.275343
0.461686
-0.0838291
0.526223
0.126484
0.223755
0.756623
0.557769
0.658674
0.333171
0.545137
0.0632567
0.483372
-0.135543
0.131159
0.590423
0.643575
0.605297
0.0519031
0.174007
-0.0218075
0.319569
-0.0410752
0.603457
0.688496
0.407896
0.234985
0.536064
-0.0937836
0.501986
0.0807757
0.193498
-0.0700769
0.211226
-0.0118637
-0.107797
0.491424
-0.263592
0.44778
0.746994
0.399302
0.180299
-0.220154
0.83301
-0.0208895
0.614113
0.138157
0.250142
-0.00722241
-0.104355
0.231693
0.662898
-0.0653188
0.410381
0.276599
-0.0784682
0.673442
0.0969007
0.114794
0.39521
-0.340034
0.255454
-0.0914088
0.392407
0.411267
0.0339947
-0.00342453
0.0760373
0.327349
0.301825
0.0842435
0.638752
0.176884
-0.0748588
0.0699944
0.118359
-0.0732489
0.0287074
-0.279467
-0.0102434
0.27346
-0.0682921
0.182735
0.215021
-0.44456
0.296833
0.146413
-0.437518
-0.0227601
-0.0888113
0.0317374
-0.295689
-0.149144
-0.00168216
-0.249791
-0.00859892
-0.0440823
0.0644058
0.000435233
0.188929
-0.101375
0.0610085
-0.119329
0.0976086
-0.182008
-0.151959
-0.174711
-0.219402
-0.000778973
-0.263648
0.11518
0.21629
0.0779003
-0.300754
0.318971
0.13043
-0.119986
0.173012
0.138924
0.131067
0.125086
0.356318
-0.325314
-0.327108
-0.0968953
-0.309606
-0.0886768
-0.268534
-0.082866
-0.265544
-0.3332
0.061148
-0.0603971
-0.167209
-0.268946
-0.217007
0.0941639
0.200543
-0.00548214
-0.0431758
-0.0238738
-0.130175
0.484203
0.0752786
-0.086206
-0.193167
-0.60749
0.107332
0.0623463
-0.0600985
-0.128527
0.0299541
-0.165417
