-1
-1
-1
-0.99652
-0.899777
-0.976707
-1.01207
-1.04154
-0.901423
-0.887372
-0.863043
-1.01856
-0.914478
-0.944904
-0.986459
-0.828672
-1.10641
-0.919435
-0.985365
-1.07608
-1.1118
-0.995944
-1.03212
-0.947426
-1.00178
-0.976995
-0.988142
-0.809453
-0.944934
-0.757591
-0.902165
-0.62315
-0.676853
-0.616287
-0.395673
-0.497397
-0.365732
-0.234025
-0.0453362
-0.151761
-0.0853546
0.00871241
-0.056922
-0.0120032
0.00984728
-0.0318938
0.0096451
0.0957762
0.0761181
0.219422
0.232346
0.0112352
0.0397902
0.206885
0.0310956
0.0805943
0.0544964
0.0335538
0.00345457
0.141051
-0.0175629
-0.0651575
-0.019744
0.0160878
-0.213395
-0.0862797
-0.121906
-0.18608
-0.0367666
-0.245889
-0.326843
-0.198046
-0.156042
-0.145871
-0.0651452
-0.132952
-0.0517729
-0.160517
-0.136287
-0.167399
-0.166143
-0.196499
0.000615001
-0.10153
0.0196445
-0.028428
0.00600588
-0.0767174
0.086243
-0.078846
0.125756
0.0190719
0.0531362
-0.0139295
0.075587
0.0569768
-0.0652874
0.105793
0.0534512
0.111914
-0.00481325
0.0649397
0.0701981
0.0331702
0.171217
0.0440816
0.136304
-0.0380828
0.223333
0.0552162
0.227429
0.100253
0.00532115
0.0189221
0.108297
0.245553
0.199064
0.0806782
-0.048149
0.160358
0.114619
-0.0830465
-0.0880849
-0.07722
-0.0925185
-0.0576717
-0.113076
-0.0441974
-0.21497
-0.161419
-0.0255531
-0.0734032
-0.0552136
-0.130231
-0.00849748
0.0834837
0.0332049
-0.0352673
0.0348724
0.101147
-0.00903285
0.129253
0.0219482
0.156919
0.199505
0.0873609
0.0628383
0.0225042
0.0976511
0.178588
0.144112
0.103392
0.276388
0.175538
0.107578
0.0397521
-0.0561697
-0.0139083
0.0164984
-0.0505886
-0.0437261
-0.216923
-0.290071
-0.19655
-0.138942
-0.168674
-0.113232
-0.290782
-0.141732
-0.294065
-0.219343
-0.153306
-0.160523
-0.300515
-0.313612
-0.190514
-0.17979
-0.197254
-0.242573
-0.172791
-0.0990261
-0.258973
-0.0568155
-0.202827
-0.111249
-0.0700867
0.0654548
-0.0705116
-0.0686765
0.101715
0.0545968
0.0913749
-0.0420402
0.0269276
0.107819
0.15071
0.11298
0.302422
0.259782
0.152624
0.0405749
0.0287844
0.0514705
-0.0597793
0.0990852
0.0339617
0.0149922
-0.0606395
-0.0720973
-0.181321
-0.104797
-0.162853
-0.194079
-0.271712
-0.3604
-0.513183
-0.477872
-0.436307
-0.402798
-0.36778
-0.375577
-0.447339
-0.243851
-0.249935
-0.367065
-0.336182
-0.437733
-0.347008
-0.500579
-0.301554
-0.303593
-0.44934
-0.362135
-0.265295
-0.374592
-0.367279
-0.174406
-0.313189
-0.301946
-0.254456
-0.147747
-0.200579
-0.0532425
-0.0798225
-0.0935339
-0.0620972
0.0981899
0.153262
-0.117005
-0.0146931
0.052398
-0.0268741
0.0583732
-0.0443599
0.0303192
0.0502086
-0.0137236
0.0682387
0.10546
-0.0644382
0.0179758
0.021015
-0.0795834
-0.0152711
-0.0579417
-0.0283127
-0.0370418
-0.155984
-0.279347
-0.27753
-0.0915845
-0.208388
-0.0627819
-0.0461788
-0.182408
-0.062429
-0.0575736
-0.108755
-0.0478905
0.00871921
-0.143338
0.0245876
0.00129616
-0.0273116
-0.0677494
-0.0157033
-0.074716
-0.0663055
-0.019554
-0.232143
-0.26461
-0.290442
