-1
-1
-0.779185
-1.12044
-0.965997
-0.863696
-0.918598
-0.961779
-0.979043
-0.936212
-0.896599
-0.909911
-1.08016
-1.01197
-1.08066
-1.0232
-0.87671
-1.05626
-1.05641
-0.898825
-1.09346
-0.684192
-0.817473
-0.971173
-1.21868
-0.833354
-0.949942
-0.984605
-0.873297
-0.678471
-0.568357
-0.461559
-0.159088
-0.669821
-1.04091
-0.267644
-0.269861
-0.279746
0.140496
-0.402244
-0.274526
-0.152999
-0.027232
-0.374329
-0.251939
0.0219002
0.0482603
-0.215053
-0.167277
-0.114484
0.12001
-0.041194
0.270001
-0.398037
0.512037
-0.364862
0.206895
-0.322438
0.193215
0.29739
0.0371342
-0.187822
-0.385983
0.00030458
-0.326435
-0.0137829
0.337004
0.0930917
0.468911
-0.328895
0.117942
-0.484978
-0.313761
0.03462
0.0236552
-0.0551627
0.018254
0.333387
-0.00308341
0.298034
-0.492618
0.294629
-0.0347297
-0.2911
-0.468176
0.109296
-0.0214515
0.0353637
-0.221124
-0.0173241
-0.215411
-0.270549
0.233412
-0.123382
-0.177662
-0.212498
-0.0004251
-0.0455314
-0.231231
0.0400274
-0.0857393
0.0725157
-0.0497139
0.0904887
-0.0427483
-0.0147901
0.059171
-0.241403
0.245669
0.474341
0.631902
0.392596
-0.0577084
-0.0439004
-0.0783457
-0.18076
0.545183
0.227186
0.314771
0.0900359
0.102614
0.091469
0.161359
0.451279
0.505005
0.617941
-0.0273314
0.467498
0.450062
0.33074
0.266589
0.31891
-0.103295
0.309787
0.513199
0.612635
-0.0844848
-0.138531
0.161146
-0.400907
0.0692669
0.112262
-0.0292474
-0.0223827
0.213983
0.133506
0.127211
0.351515
-0.00831217
-0.269433
0.298071
0.176332
0.306129
0.00450432
-0.265655
-0.120029
0.365353
-0.0475413
0.0370903
0.145836
-0.598657
-0.35549
0.0545946
-0.356584
0.0921466
-0.18505
-0.149365
-0.084639
0.0232389
0.0914147
-0.0327833
0.398939
0.270888
0.0189431
-0.323606
0.440201
0.502994
0.77442
0.323653
0.601665
0.326201
0.0250841
-0.0377935
-0.32804
0.309058
-0.00966197
-0.0207766
0.065634
0.0686164
-0.18574
-0.233078
0.0708354
-0.0339075
-0.18124
-0.165736
-0.0280837
-0.231431
0.157411
-0.564216
-0.415599
0.325225
-0.288132
-0.078221
-0.488553
-0.378353
-0.166931
-0.153579
-0.0553348
-0.168399
0.153649
-0.620958
-0.237398
0.100638
-0.187307
-0.423438
-0.447634
0.139415
-0.374826
-0.604621
-0.211634
-0.17939
-0.0507758
-0.0147851
-0.535828
-0.0563639
0.338289
0.26905
-0.110082
-0.267179
0.00735402
0.166087
0.158693
-0.765454
-0.14241
0.0747594
-0.100771
0.331348
-0.0562204
-0.053122
0.0461613
0.00672424
-0.0947804
0.0131288
0.0898135
0.0541048
-0.204101
-0.26249
-0.566771
-0.288427
-0.331953
-0.138239
-0.149619
-0.636379
-0.53914
-0.551646
-0.607894
-0.439768
-0.447744
-0.452365
-0.411072
-0.541374
-0.353166
-0.675598
-0.461273
-0.425194
-0.756637
-0.380812
-0.0824401
-0.485445
-0.364661
-0.236517
-0.210071
-0.456857
-0.17446
-0.261072
-0.225692
-0.0705612
0.215118
0.103836
0.102022
0.0149142
0.097069
0.0828189
0.215301
0.0699726
-0.716706
0.0332549
-0.175864
-0.425774
-0.280548
-0.352953
-0.412831
-0.272514
-0.579154
-0.511686
-0.481281
-0.565292
-0.384887
-0.456396
-0.551841
-0.448667
-0.0896165
-0.536563
-0.682969
-0.162235
0.0426065
-0.499454
-0.528089
-0.222423
-0.156311
-0.348735
0.0923336
0.0804882
-0.0824096
-0.348059
-0.0541331
-0.0901063
-0.222952
0.27787
-0.0588014
-0.127305
0.0421319
-0.115061
0.185297
-0.237152
-0.215616
0.0241395
-0.215569
0.129524
