-1
-1
-1
-1.0968
-1.21808
-1.08987
-0.861023
-1.46604
-1.10417
-1.07274
-0.91493
-1.07502
-0.923803
-0.954539
-1.01162
-0.771562
-1.0548
-1.03507
-0.95613
-1.07762
-1.10047
-0.982424
-1.09036
-1.10865
-0.594688
-0.641864
-0.586443
-0.519175
-0.631968
-0.403841
-0.188295
-0.2013
-0.157033
0.12669
0.178674
0.0698104
-0.046569
0.214219
0.0958707
-0.0799863
0.334015
0.22172
0.0660186
-0.0281073
-0.0187786
-0.14474
-0.0236031
0.155509
-0.208658
-0.202193
-0.193554
0.0430765
0.0505588
-0.200675
-0.0955147
-0.0454961
0.103659
0.058049
0.332656
-0.269005
-0.136709
0.0252472
0.0217693
-0.209015
0.00111961
-0.113401
-0.224444
-0.150358
-0.18287
-0.270046
-0.0932527
-0.00734156
0.0475159
-0.316905
-0.109417
-0.158615
0.00209916
0.0201219
-0.0446554
0.0243723
-0.107159
0.436581
-0.163695
0.118521
0.00612819
0.245975
-0.0948374
0.360352
-0.32123
0.258492
0.0762683
0.251445
0.0687283
0.392807
-0.21015
0.222486
-0.200087
0.162169
-0.179544
0.149694
-0.00715619
-0.0193187
-0.0326417
-0.0657151
0.0563622
-0.185845
0.0816129
0.0523314
0.1471
0.144528
0.171836
-0.0131671
-0.045712
-0.0799312
0.191317
0.264814
0.00786197
0.0117372
-0.237505
0.0850196
-0.11464
0.0653145
0.0954589
-0.247482
0.0730596
-0.0357154
0.0244932
0.154187
0.254658
0.22815
0.0856726
-0.0566256
0.140726
0.224192
-0.0457935
-0.0229077
-0.0769667
-0.0203758
0.143861
-0.0744006
-0.014342
-0.00308889
-0.23047
-0.219097
-0.238891
-0.0974499
0.0501702
-0.176801
0.119632
-0.269079
-0.0272629
0.209465
-0.095512
-0.07532
-0.0906824
-0.0738232
-0.117459
-0.156016
-0.140307
0.0383995
-0.0337989
-0.0480229
-0.1941
-0.279712
0.102182
0.0998548
-0.109509
0.0474766
0.0757772
0.234737
0.266187
-0.0604997
0.259756
-0.0931333
0.0376321
0.0795197
0.264174
0.229337
-0.0586943
0.074351
0.0363702
0.0203515
0.0426434
-0.292465
-0.394309
-0.328655
-0.112087
-0.0405858
-0.24334
-0.258953
-0.37236
-0.205621
-0.340468
-0.179193
-0.407303
-0.285132
-0.142559
-0.068944
-0.448171
-0.113999
0.0957053
-0.278878
-0.20035
-0.230664
0.0459092
0.146465
-0.259002
0.018252
0.0552939
-0.0389932
0.005247
0.02528
-0.0876645
-0.101535
-0.0693135
-0.166809
-0.549514
-0.246673
-0.495439
-0.206933
-0.570722
-0.436158
-0.380058
-0.574102
-0.651029
-0.338851
-0.379051
-0.180042
-0.174143
-0.224301
-0.537774
-0.575704
0.0858068
-0.462143
-0.160639
-0.224562
-0.431351
-0.229293
-0.262542
0.0073874
-0.0393567
-0.476419
0.0146363
0.123638
0.0160935
-0.0579143
0.0767183
-0.0339089
-0.259604
0.0746982
-0.194919
-0.0774823
-0.420872
-0.155713
-0.215611
-0.387074
-0.193408
-0.207143
-0.274979
-0.178897
-0.407702
-0.540053
0.0093931
-0.147336
-0.0945414
-0.0560082
-0.0448253
-0.0171372
0.0356983
-0.104664
-0.335277
-0.120087
-0.176028
-0.237892
-0.379626
