-1
-1
-1
-0.808039
-0.899066
-0.917037
-1.06996
-0.972131
-1.22902
-1.02686
-1.12898
-0.938481
-0.626147
-0.835621
-0.917883
-1.20059
-1.08217
-1.03528
-0.946812
-1.0309
-1.08727
-1.2243
-1.00279
-1.18259
-0.761803
-0.954757
-0.858964
-0.871133
-0.563625
-0.659455
-0.51658
-0.542209
-0.365341
-0.250482
-0.167068
-0.250172
-0.642102
-0.372748
-0.142719
0.103677
-0.767732
-0.614627
0.193892
-0.348938
0.216498
0.11672
-0.310361
0.0021112
0.197709
0.198801
-0.303209
0.445691
0.141722
0.160992
-0.245145
-0.223365
0.314623
-0.323316
-0.0314168
-0.603353
-0.148319
0.0572958
-0.370283
-0.0525117
-0.0460256
-0.253842
-0.366187
0.000405312
-0.140703
-0.609558
-0.424734
-0.27485
-0.0931405
0.136246
-0.138843
-0.716289
-0.181409
0.00876439
-0.140332
-0.0212727
-0.330284
0.0963074
-0.0269751
-0.222016
-0.571592
-0.0760968
0.257482
-0.439453
0.117667
-0.428726
-0.13345
0.427314
-0.0505496
0.162673
-0.0599313
-0.355809
0.0227979
0.23614
0.279039
-0.121662
0.318824
-0.502364
0.0824515
0.321125
-0.267041
0.0650734
0.299691
-0.203698
0.265301
0.0603459
0.300068
0.101318
0.998073
0.28275
0.779854
0.154063
1.02394
0.205622
-0.188949
0.532617
0.338538
-0.561431
-0.205817
0.096718
0.331961
0.162661
0.548103
0.423295
0.80943
0.28253
-0.187548
0.293845
0.283899
0.405164
0.455665
0.496927
-0.229709
0.0357512
0.353112
0.141516
0.122148
-0.0673358
0.230385
-0.0974165
-0.158266
-0.129691
0.0883322
-0.147746
0.556477
-0.631962
-0.0572464
0.256132
-0.00526798
0.448927
0.676503
0.18417
0.464444
-0.230579
0.594348
-0.0220773
-0.183638
0.0921088
0.0376034
0.454605
-0.185138
0.586002
-0.198572
-0.433757
-0.239609
-0.551333
-0.490842
0.468425
0.315686
-0.290148
-0.356221
-0.213522
0.0962026
-0.250379
0.19932
0.377502
-0.456593
0.117237
-0.0351718
0.0124414
0.0187751
0.109848
-0.24279
0.049046
0.606879
-0.00240237
0.0958931
0.0373921
-0.230533
0.197477
-0.216953
-0.371851
-0.380151
-0.402994
-0.423334
-0.285461
-0.554038
0.0721456
-0.70771
-0.397882
-0.327964
-0.433814
-0.471802
-0.52323
-0.531987
-0.346283
-0.126144
-0.030007
-0.338716
-0.142431
0.104509
0.101262
-0.259539
0.23058
-0.058813
-0.0139595
0.21815
0.136632
-0.344548
-0.041504
0.327519
-0.108565
-0.096716
-0.0109741
0.268927
0.0548716
-0.25373
-0.289387
-0.456841
-0.591612
0.246297
-0.086136
-0.456605
-0.284732
-0.530316
-0.470135
-0.491197
-0.485606
-0.376005
-0.281733
-0.446691
-0.523788
-0.423137
-0.530017
-0.596086
-0.669421
-0.228878
-0.442854
-0.522978
-0.324255
-0.555445
-0.384368
-0.569196
-0.262116
-0.482945
-0.285101
-0.571733
-0.770558
-0.121059
-0.692115
-0.352252
0.0634942
-0.0276154
-0.134611
-0.161723
0.0705113
0.0162181
-0.0270504
-0.251933
-0.211829
-0.12947
0.181533
-0.0788792
0.217214
-0.209765
0.210417
-0.157055
-0.136979
0.172061
0.0895582
0.119056
-0.00878167
-0.21312
-0.27689
