-1
-1
-1
-1.15455
-1.0654
-1.01669
-0.998561
-0.922517
-0.978282
-1.03875
-0.940559
-0.996452
-1.09657
-1.0051
-0.976952
-0.850141
-1.08123
-0.955946
-1.07388
-0.942516
-0.867049
-0.968709
-0.949054
-0.890311
-0.753137
-0.42402
-0.409978
-0.51662
-0.383519
-0.0341989
-0.235445
-0.220661
-0.562723
0.0284071
0.0662398
0.0994236
0.0846729
0.0654051
-0.0217989
0.0623285
0.224439
-0.0599814
0.186238
0.242873
0.0347573
0.258399
-0.151273
-0.181559
0.125236
-0.131402
0.108317
0.00573981
-0.0196747
0.0601491
-0.113964
0.183731
0.0917621
0.372616
-0.167097
0.0263659
0.0267135
0.2255
-0.375835
-0.0504889
-0.236383
-0.158359
0.0717412
0.0619146
0.010814
-0.269738
-0.0988335
-0.540387
-0.0788528
0.152443
0.222492
-0.257329
0.127642
-0.152273
-0.250335
-0.375961
0.098756
0.285693
0.0943631
0.0643257
-0.00966311
0.317903
0.386106
0.307696
0.156402
0.1369
-0.0639027
0.0831541
0.0709163
-0.146471
-0.192606
-0.166578
-0.338486
-0.0754749
-0.383546
-0.495953
-0.229554
-0.338359
-0.136401
-0.0198016
-0.261113
-0.141407
-0.0775579
-0.285973
-0.0966439
-0.0691953
0.0455515
0.0446764
-0.0177161
0.152282
-0.0995768
0.144059
-0.512911
-0.0573474
-0.274899
-0.251206
-0.41382
-0.256871
-0.137291
-0.0294896
-0.328937
-0.0820146
0.0230824
-0.14453
-0.148732
-0.272539
0.0785426
-0.211215
-0.0623425
-0.0199055
-0.0503997
-0.105064
-0.220291
0.128792
0.124916
-0.087345
-0.349259
-0.147603
0.15652
-0.000279367
0.157183
0.0934268
-0.402397
0.102197
-0.456786
-0.0973747
-0.222311
-0.373958
-0.0984637
-0.320244
-0.573582
-0.48789
-0.301159
-0.165571
-0.23047
-0.0584517
-0.233027
0.130293
-0.375608
-0.296562
-0.429594
-0.366129
-0.602332
-0.190036
-0.308595
-0.367247
-0.461032
-0.459467
-0.213611
-0.340725
-0.157865
-0.0933255
-0.114427
-0.214862
0.00662339
-0.137291
0.503622
0.462092
-0.15604
-0.216808
0.241947
0.228123
0.226794
0.175258
-0.0747446
-0.218278
-0.291921
0.0415378
-0.229924
-0.40657
-0.378967
-0.270588
-0.392916
-0.394806
-0.444355
-0.285771
-0.36155
-0.292121
-0.224019
-0.458261
-0.293897
-0.556515
-0.30846
-0.299464
-0.410385
-0.38053
-0.365688
-0.446745
-0.353859
-0.3526
-0.405254
-0.383515
-0.0199814
-0.617451
-0.623087
-0.0740546
-0.354972
-0.173556
-0.0418189
-0.23472
-0.0788722
-0.230266
0.0449563
0.0545889
-0.300375
0.0819867
0.373927
-0.142151
-2.5034e-05
-0.296844
0.149918
-0.208814
-0.0750727
-0.151791
-0.398663
-0.697301
-0.546593
-0.725358
-0.631032
-0.781663
-0.74149
-0.749953
-0.681711
-0.748204
-0.784362
-0.397251
-0.625936
