-1
-1
-1.05133
-1.01826
-1.01258
-0.972775
-0.99051
-1.05173
-1.04457
-0.969547
-1.0515
-1.04435
-1.04205
-0.983384
-1.03255
-0.998103
-1.03325
-0.882571
-0.939909
-0.982055
-1.07154
-0.94084
-0.642025
-0.735926
-1.02022
-0.693241
-0.507887
-0.134913
-0.608768
-0.374668
0.0304585
-0.0855653
0.0731177
-0.0864331
-0.0666721
-0.0972143
0.711758
-0.523052
-0.239979
0.30279
0.503333
0.115745
0.299271
-0.0783125
0.101112
0.509027
0.78373
0.323191
0.494588
0.170854
0.116413
0.356099
-0.137473
0.779904
-0.140459
0.348981
0.229442
0.294348
0.338359
0.443991
-0.0702793
0.452389
0.565967
0.292559
0.159723
0.508441
0.4848
0.0870945
0.367054
0.606096
0.244764
0.497028
0.290153
-0.327303
0.326189
0.280907
-0.176434
-0.329297
0.180331
-0.159042
-0.27502
0.0623755
-0.432692
-0.467551
-0.274192
-0.346835
-0.152482
0.027128
-0.403294
-0.390084
-0.026238
-0.0524005
-0.17503
0.0699486
-0.0883372
0.0624558
-0.335074
-0.116957
-0.20891
-0.266258
0.0552826
-0.193299
-0.0575352
0.0291036
0.21303
-0.372769
-0.114683
-0.218889
-0.136021
-0.11
0.0233392
0.149927
-0.226287
-0.0302026
0.147926
0.03304
-0.0285699
0.176561
0.216901
0.0761755
0.380272
0.478208
-0.0219784
-0.0574327
0.398411
0.115097
0.0213158
-0.0105229
-0.226575
-0.16533
0.103361
-0.399695
-0.384555
-0.155587
-0.150568
-0.192957
-0.365191
-0.303234
-0.365361
-0.435947
-0.168811
-0.37421
-0.169122
-0.271529
-0.210945
-0.339489
-0.166422
-0.302176
-0.35162
-0.0452495
-0.383669
-0.111096
-0.0163332
-0.250185
-0.329983
-0.0282876
-0.243623
-0.255403
-0.322219
0.151976
0.0368478
-0.164564
-0.113926
0.16774
-0.550851
-0.0851294
-0.255876
-0.172177
-0.204249
-0.467549
-0.0741239
-0.15527
-0.632336
-0.630444
-0.110849
-0.343556
-0.172051
-0.315076
-0.44908
-0.588207
-0.237563
-0.0811111
-0.372329
0.070002
-0.282868
-0.175781
-0.0491225
-0.079001
-0.0874398
0.265024
-0.467295
-0.12944
-0.00710869
0.12616
0.32962
0.257831
0.165941
0.136417
-0.118947
-0.0170887
-0.0585981
0.190247
0.227682
-0.041918
-0.295645
-0.137554
-0.446939
-0.596138
-0.169983
-0.418376
-0.553094
-0.555363
-0.620583
-0.840371
-0.699574
-0.793878
-0.700205
-0.654067
-0.727281
-0.895514
-0.621922
-0.76665
-0.521608
-0.698134
-0.612307
-0.522959
-0.687666
-0.656945
-0.38804
-0.478892
-0.266001
-0.76666
-0.640766
-0.4895
-0.366084
-0.327868
-0.46591
-0.0967762
-0.467836
-0.00540686
-0.55348
-0.44922
-0.225446
0.0839788
-0.0936463
-0.03575
0.0356468
0.310302
0.153066
-0.0784947
0.366022
