0
0
0
0
0
0
-0.301497
-0.4
-0.31612
-0.4
-0.320191
-0.4
-0.321499
-0.4
-0.4
-0.4
-0.4
-0.4
-0.30445
-0.4
-0.316872
-0.4
-0.320426
-0.4
-0.4
-0.4
-0.309461
-0.4
-0.318225
-0.4
-0.266368
-0.4
-0.149934
-0.0556738
-0.133234
-0.021049
-0.12697
-0.00748977
-0.00442417
-0.0899692
0.18951
-0.000449878
0.1899
-0.000154662
-9.06646e-05
0.0811222
0.190129
0.190091
0.190096
0.190099
0.150591
0.150592
0.150592
-4.93516e-07
0.150593
-1.69539e-07
0.150593
-5.82422e-08
-3.41367e-08
-2.00081e-08
-1.17271e-08
-6.87344e-09
0.150593
-2.36125e-09
-1.38397e-09
-8.11167e-10
-4.75439e-10
-2.78662e-10
-1.22497e-10
0.12468
0.12468
-2.46647e-11
-1.44564e-11
0.12468
0.12468
-2.32864e-12
-1.36485e-12
-7.99964e-13
-4.68872e-13
0.106375
0.106375
-9.44076e-14
-5.53338e-14
-2.70267e-14
0.0927572
-9.28457e-15
-5.44184e-15
-3.18955e-15
-1.60239e-15
0.0822302
-5.50472e-16
-3.22641e-16
-1.89105e-16
-1.10838e-16
0.0822302
0.0822302
0.0822302
-1.14454e-17
0.0738491
-3.93188e-18
0.0738491
0.0738491
0.0738491
0.0670185
-2.41751e-19
0.0670185
-7.47444e-20
-4.38089e-20
0.0613444
0.0613444
0.0565562
-4.70009e-21
0.0565562
0.0565562
0.0565562
0.0524613
0.0524613
0.0524613
-1.02378e-22
-6.00054e-23
-3.51702e-23
-2.06138e-23
-1.20821e-23
-6.53679e-24
-3.83132e-24
-2.2456e-24
-1.31618e-24
-7.71438e-25
-4.52152e-25
0.0458254
-1.44234e-25
-8.45381e-26
-4.95492e-26
-2.90416e-26
-1.70218e-26
-9.97674e-27
-5.4577e-27
-3.19885e-27
-1.8749e-27
-1.09891e-27
-6.44089e-28
-3.77511e-28
-2.21266e-28
-1.21582e-28
-7.12613e-29
-4.17674e-29
0.0406798
0.0406798
-8.40988e-30
-4.92917e-30
-2.71912e-30
-1.59372e-30
-9.34108e-31
-5.47496e-31
0.0385173
-1.88083e-31
0.0365731
0.0365731
0.0365731
0.0365731
0.0365731
0.0365731
0.0365731
0.0348157
0.0348157
0.0348157
0.0348157
0.0332195
-1.54014e-34
-9.02704e-35
-5.2909e-35
0.0332195
-1.8176e-35
-1.06532e-35
-5.9467e-36
-3.48546e-36
-2.04289e-36
-1.19737e-36
-7.01799e-37
-4.11336e-37
-0.0142979
-1.41307e-37
-8.28226e-38
-0.0136925
-2.7159e-38
-1.59183e-38
-9.33e-39
-5.46847e-39
-3.20516e-39
-1.8786e-39
-1.10108e-39
-0.0136925
-3.78257e-40
0.0292029
-1.24294e-40
-7.28507e-41
-4.2699e-41
-2.50272e-41
0.0112114
0.0293326
0.0292047
2.99854e-08
4.14131e-10
0.0107694
0.028197
0.0280732
2.99854e-08
4.14131e-10
0.0280715
0.0270245
1.04734e-15
1.44649e-17
1.99776e-19
2.75911e-21
3.81062e-23
5.26287e-25
7.26858e-27
1.00387e-28
1.33312e-30
1.84118e-32
2.54286e-34
3.51196e-36
4.85039e-38
6.69889e-40
9.25137e-42
1.27518e-43
1.4013e-45
0
0
0
0
0
0
0
0
0
0
0
0.0243049
0
0
0.0243049
0.0243049
0.0243049
0
0.0243049
0.0235161
0.0235161
0.0235161
0.0227769
0.0227769
0
0
0.0220827
0
0
0
0
0
-0.00991434
0
-0.00961942
0
-0.00961942
0
-0.00961942
0
-0.00934154
0
-0.00934154
0
-0.00934154
0
0
0
-0.00907926
0
-0.00907926
0
0
0
0
0
0
