0
0
0
0
0
0
-0.301497
-0.4
-0.31612
-0.4
-0.320191
-0.4
-0.321499
-0.4
-0.321939
-0.4
-0.322089
-0.4
-0.4
-0.4
-0.322158
-0.4
-0.322164
-0.4
-0.322166
-0.4
-0.322167
-0.4
-0.192652
-0.135273
-0.151961
-0.0597316
-0.13403
-0.0227499
-0.0924131
-0.00410085
-0.0904465
-0.00141832
-0.000832524
-0.000488377
-0.00028639
-0.000167908
-9.84308e-05
-5.76978e-05
0.190078
0.150582
-7.74594e-06
0.150589
0.150591
0.150592
-9.14151e-07
-5.358e-07
-3.14041e-07
0.150593
-8.09126e-08
-4.74243e-08
-2.77961e-08
-1.62918e-08
-9.54889e-09
0.106375
-2.62428e-09
-1.53814e-09
-9.01528e-10
0.106375
0.106375
0.106375
-1.06394e-10
0.106375
0.0927572
-1.7852e-11
-1.04633e-11
-6.13274e-12
0.0370866
0.0930155
0.0927607
0.0927572
0.0927572
0.0927572
0.0822302
-6.94712e-14
0.0822302
0.0822302
0.0738491
-7.56005e-15
0.0738491
-2.59712e-15
-1.52222e-15
-8.92197e-16
-4.64828e-16
-2.72444e-16
-1.59684e-16
-9.35933e-17
-5.48566e-17
-3.21524e-17
-1.8845e-17
-1.10454e-17
0.0613444
0.0613444
0.0613444
0.0613444
0.0565562
-3.66383e-19
0.0565562
0.0565562
-7.37713e-20
-4.32386e-20
0.0220911
0.000342398
4.34215e-06
5.99709e-08
8.28261e-10
0.0204383
0.00031391
4.34215e-06
5.99709e-08
8.28261e-10
1.14392e-11
0.0489193
2.01412e-15
2.78171e-17
0.0489193
0.0489193
6.91216e-23
-1.42591e-24
-1.31391e-24
0.0458254
0.0458254
0.0458254
0.0458254
0.0458254
0.0430996
0.0430996
-1.72482e-26
0.0430996
-5.92531e-27
-3.47292e-27
-2.03554e-27
-1.19306e-27
-6.5557e-28
-3.8424e-28
-2.2521e-28
-1.31999e-28
-7.73669e-29
-4.5346e-29
-2.65781e-29
-1.55778e-29
-9.13043e-30
-5.03671e-30
-2.9521e-30
-0.01737
-1.01414e-30
-5.94405e-31
-3.29036e-31
-1.92853e-31
-1.13035e-31
-6.62515e-32
-3.88311e-32
-2.27595e-32
-1.33398e-32
-7.81865e-33
-4.58264e-33
0.0348157
-1.49143e-33
-8.74152e-34
-5.12355e-34
0.0134134
0.000198373
2.74243e-06
3.78763e-08
5.23112e-10
6.86349e-12
9.47921e-14
1.30918e-15
1.80811e-17
0.0127856
0.000188464
2.60531e-06
3.59825e-08
0.0317632
6.53666e-12
0.0317632
0.0317632
0.0317632
0.0304293
0.0304293
0.0304293
0.0304293
8.25974e-27
0.0292029
1.50701e-30
2.08133e-32
2.87454e-34
3.96991e-36
5.47514e-38
7.1091e-40
-1.67119e-41
-1.51228e-41
-8.94309e-42
-5.24226e-42
-0.0126235
-1.80067e-42
-1.05518e-42
-0.0126235
-3.62936e-43
-0.0121492
-1.1911e-43
-0.0121492
-4.06377e-44
-2.38221e-44
-1.4013e-44
-0.0121492
-4.2039e-45
-2.8026e-45
-1.4013e-45
-1.4013e-45
-0
-0
-0
-0
0
0
0
0.00998234
0.000145004
0.0260544
0.0251485
0.0251485
5.08407e-12
0.0251485
9.69762e-16
1.29151e-17
1.78371e-19
2.46349e-21
3.40234e-23
4.69899e-25
6.4898e-27
8.9631e-29
1.2379e-30
1.65071e-32
2.27981e-34
3.14866e-36
4.34862e-38
6.00591e-40
8.29429e-42
1.10703e-43
1.4013e-45
-0.0102279
0
-0.0102279
0
-0.00991434
0
0
0
0
0
0
0
0
0
