0
0
0
0
0
0
-0.301497
-0.4
-0.4
-0.310629
-0.4
-0.318555
-0.4
-0.320963
-0.4
-0.321757
-0.4
-0.322027
-0.4
-0.322119
-0.4
-0.4
-0.4
-0.309725
-0.4
-0.4
-0.4
-0.4
-0.215511
-0.4
-0.4
-0.4
0.0888262
0.25553
0.256436
0.256968
0.189811
0.189932
-0.0894631
-7.62259e-05
0.190069
0.190084
0.190092
0.150588
0.15059
0.150591
0.150592
0.150592
0.150593
0.150593
0.150593
0.12468
0.12468
0.12468
0.12468
0.12468
0.12468
0.12468
0.12468
0.106375
0.106375
0.106375
0.106375
0.106375
0.106375
0.106375
0.106375
0.0927572
0.0927572
0.0927572
0.0927572
0.0927572
0.0822302
-2.81563e-13
0.0822302
0.0822302
0.0822302
-2.9075e-14
0.0738491
0.0738491
-5.85427e-15
0.0738491
-2.01113e-15
-1.17876e-15
-6.9089e-16
-4.04942e-16
-2.37343e-16
0.0738491
-8.15352e-17
-4.24792e-17
0.0670185
0.0670185
-8.55321e-18
0.0670185
0.0670185
0.0613444
-9.08464e-19
-5.32466e-19
-3.12087e-19
-1.82919e-19
-1.07212e-19
-6.28388e-20
-3.68309e-20
-2.15872e-20
0.0240347
0.000342398
4.73688e-06
6.54228e-08
9.03558e-10
1.24791e-11
1.72349e-13
2.38032e-15
3.28746e-17
4.53941e-19
5.6977e-21
4.98198e-23
-1.62339e-23
0.0204383
0.00031391
0.0524641
0.0524613
7.64549e-10
0.0489193
0.0489193
0.0489193
0.0489193
3.84184e-19
5.30594e-21
0.0458254
9.25487e-25
4.59199e-27
-4.73686e-27
-2.87894e-27
-1.68881e-27
-9.89861e-28
-5.80174e-28
-3.1738e-28
-1.86022e-28
-1.0903e-28
-6.39045e-29
-3.74555e-29
-2.19533e-29
-0.0194606
-7.54168e-30
-4.4203e-30
-2.59081e-30
-0.018356
-8.34402e-31
-4.89057e-31
-2.86645e-31
-1.68007e-31
-9.84718e-32
-5.77159e-32
-3.38283e-32
-0.01737
0.0385173
0.0385173
-3.7574e-33
-2.20227e-33
0.0365731
-7.14523e-34
-4.18794e-34
-2.45462e-34
-1.43869e-34
-8.43242e-35
-4.94238e-35
-2.89681e-35
-0.015685
-9.42774e-36
-0.015685
-3.23874e-36
-0.015685
-1.11261e-36
-0.0149594
-3.63108e-37
-0.0149594
-1.24739e-37
-7.31119e-38
-0.0149594
-2.51163e-38
-1.47211e-38
-8.62828e-39
-5.05718e-39
-2.9641e-39
-1.73731e-39
0.0317632
-5.68402e-40
-3.33149e-40
-1.95264e-40
-1.14448e-40
0.0317632
0.0317632
0.0317632
-1.35071e-41
-7.91594e-42
-4.6397e-42
0.0317632
0.0304293
-8.91226e-43
-5.22684e-43
-3.06884e-43
-1.79366e-43
-1.05097e-43
-6.16571e-44
-3.64338e-44
-1.96182e-44
-1.26117e-44
-0.0131363
-4.2039e-45
-0.0131363
-1.4013e-45
-0.0126235
-0
-0
-0.0126235
-0
-0.0126235
0
0
-0.0121492
0
-0.0121492
0
0.0270245
0
-0.0117093
0
0
0
0
0
0.0260528
0
-0.0117093
