0
0
0
0
0
0
-0.301497
-0.4
-0.31612
-0.4
-0.320191
-0.4
-0.4
-0.314296
-0.4
-0.319631
-0.4
-0.321314
-0.4
-0.321876
-0.4
-0.322067
-0.4
-0.4
-0.4
-0.192615
-0.13521
-0.151943
-0.0596955
-0.134023
-0.0227347
-0.092411
-0.00409796
-0.0904457
-0.00141732
-0.0897648
-0.00048803
-0.000286187
-0.000167789
-9.83607e-05
0.15056
-2.2531e-05
0.150582
0.150586
-4.53683e-06
0.150591
-1.55856e-06
-9.13501e-07
-5.35419e-07
-3.13818e-07
-1.83934e-07
-1.07807e-07
0.150593
-3.70352e-08
-2.17069e-08
-1.27228e-08
0.0625705
0.00124975
1.30239e-05
1.78786e-07
1.82475e-09
-3.52537e-10
-2.26268e-10
-1.32891e-10
-7.78933e-11
0.106375
-2.14071e-11
0.0429124
0.000751732
0.0429189
0.106634
0.106379
1.43957e-07
0.0927572
2.26342e-11
0.0927572
-8.09881e-14
0.0927572
-2.93207e-14
-1.47307e-14
0.0822302
-5.06048e-15
0.0822302
-1.73844e-15
-8.91563e-16
-5.2256e-16
-3.06281e-16
-1.79516e-16
0.0670185
-5.48176e-17
0.0613444
-1.69485e-17
-9.93378e-18
-5.82235e-18
0.0613444
-2.00017e-18
0.0613444
0.0613444
0.0565562
0.0565562
-1.25775e-19
-7.37188e-20
0.0565562
0.0565562
0.0565562
-7.97492e-21
0.0524613
-2.73965e-21
-1.60575e-21
-9.41158e-22
-5.51628e-22
-2.98448e-22
-1.74925e-22
-1.02527e-22
-6.00926e-23
-3.52212e-23
0.0489193
-1.20997e-23
0.0489193
-3.85972e-24
-2.26225e-24
0.0458254
-7.77157e-25
-4.55504e-25
0.0458254
0.0430996
0.0430996
0.0430996
0.0430996
0.0430996
0.0406798
-5.55103e-27
-3.25355e-27
0.0406798
-1.1177e-27
0.0385173
-3.6138e-28
-2.11811e-28
0.0385173
-7.27641e-29
-4.26482e-29
0.0385173
-1.46511e-29
-8.58723e-30
-5.03312e-30
-2.95e-30
-1.72904e-30
-9.57119e-31
-5.60983e-31
-3.28802e-31
-1.92716e-31
0.0365731
0.0365731
-3.88034e-32
-2.27433e-32
0.0348157
-7.40187e-33
-4.33836e-33
0.0348157
-1.49037e-33
0.0348157
0.0348157
-2.85082e-34
-1.67091e-34
0.0332195
0.0332195
-3.36439e-35
-1.97192e-35
-1.15578e-35
0.0332195
-3.97047e-36
-2.21634e-36
-1.29904e-36
-7.61386e-37
-4.46261e-37
-2.61561e-37
-1.53305e-37
-8.57705e-38
-5.02715e-38
0.0304293
-1.72699e-38
0.0304293
0.0304293
-3.4773e-39
-2.0381e-39
-1.19457e-39
0.0292029
-3.9253e-40
0.0292029
-1.34847e-40
-7.9036e-41
-4.63241e-41
-2.71516e-41
-1.52503e-41
-8.93888e-42
-5.23945e-42
-3.07024e-42
-1.79927e-42
-1.05518e-42
-6.17973e-43
-3.62936e-43
-2.12997e-43
-0.0121492
-7.00649e-44
-4.06377e-44
-2.38221e-44
-0.0121492
-8.40779e-45
-4.2039e-45
-0.0121492
-1.4013e-45
-0.0117093
-0
-0.0117093
-0
-0
0
0.0260528
0.0251485
0
0.0251485
0.0251485
0
0
0
0
0
0
0
0
0
-0.010562
0
-0.010562
0
-0.010562
0
-0.0102279
0
-0.0102279
0
-0.0102279
0
-0.00991434
0
-0.00991434
0
0
0
0
0.0220827
0
0
-0.00961942
0.0214296
0.0214296
0
