0
0
0
0
0
0
-0.301497
-0.4
-0.31612
-0.4
-0.320191
-0.4
-0.321499
-0.4
-0.321939
-0.4
-0.322089
-0.4
-0.4
-0.4
-0.322158
-0.4
-0.322164
-0.4
-0.322166
-0.4
-0.322167
-0.4
-0.322167
-0.4
-0.192652
-0.135274
-0.151961
-0.0597319
-0.13403
-0.0227501
-0.0136556
-0.00811851
-0.0047987
-0.00282664
-0.0016616
-0.000975567
-0.000572374
-0.000167909
-9.84313e-05
-5.76981e-05
-3.38198e-05
0.190089
-1.16189e-05
0.190099
0.190101
0.190102
0.150592
0.150592
-3.14043e-07
0.150593
0.150593
0.150593
0.12468
-1.62919e-08
0.12468
0.12468
0.12468
-1.53815e-09
0.106375
-5.28403e-10
-3.09706e-10
-1.81524e-10
-1.06394e-10
-5.19662e-11
-3.04582e-11
-1.78521e-11
-1.04634e-11
-6.13277e-12
-3.59452e-12
-2.10681e-12
-1.23484e-12
-6.20364e-13
0.0822302
-2.13115e-13
0.0822302
0.0822302
-4.29108e-14
-2.20069e-14
-1.28986e-14
-7.56009e-15
0.0738491
0.0738491
-1.35309e-15
0.0670185
0.0670185
0.0670185
0.0670185
0.0613444
0.0613444
0.0613444
0.0613444
-9.94091e-18
0.0565562
0.0565562
0.0565562
-1.06652e-18
-6.25106e-19
-3.66385e-19
-2.14744e-19
0.0565562
-7.37717e-20
-4.32388e-20
-2.32311e-20
-1.36161e-20
0.0524613
0.0524613
0.0524613
-1.6069e-21
0.0489193
0.0489193
0.0489193
0.0489193
0.0489193
0.0489193
0.0489193
0.0458254
-1.12435e-23
-6.58998e-24
-3.8625e-24
-2.26387e-24
-1.32689e-24
-7.77714e-25
-4.55831e-25
-2.6717e-25
-1.56593e-25
-8.5663e-26
-5.02085e-26
-2.9428e-26
-1.72483e-26
-1.01095e-26
-5.92535e-27
-3.47294e-27
-2.03555e-27
0.0406798
-6.55573e-28
-3.84242e-28
-2.25211e-28
0.0406798
-7.28163e-29
-4.26789e-29
-2.50148e-29
-1.46616e-29
-8.5934e-30
-5.03673e-30
-2.95211e-30
0.0365731
0.0365731
-5.61386e-31
0.0365731
-1.92855e-31
0.0365731
0.0348157
0.0348157
-2.15618e-32
-1.26377e-32
-7.40719e-33
0.0348157
-2.41738e-33
-1.41687e-33
-8.30449e-34
-4.8674e-34
-2.85287e-34
-1.67211e-34
-9.80053e-35
-5.74425e-35
-3.3668e-35
-1.97334e-35
-1.10153e-35
-6.45625e-36
-3.78412e-36
-2.21793e-36
-1.29997e-36
-7.61933e-37
-4.46582e-37
-2.61749e-37
-1.53415e-37
-8.58321e-38
-5.03076e-38
-2.94861e-38
-1.72823e-38
-1.01295e-38
0.0304293
0.0292029
0.0292029
0.0292029
0.0292029
-3.92812e-40
0.0112114
0.0293326
0.0292047
3.12892e-08
4.14131e-10
5.71958e-12
7.89934e-14
1.09098e-15
1.50676e-17
2.081e-19
2.87407e-21
3.81062e-23
5.26287e-25
7.26858e-27
1.00387e-28
1.38645e-30
1.91483e-32
2.64458e-34
3.65244e-36
4.85039e-38
6.69885e-40
9.24857e-42
1.26117e-43
1.4013e-45
-0
-0
-0
-0
0
0
0
0
0
0
0
0
0
0
0
0.0243049
0
0
0
0
0
0
0
0
0
0
0.0227769
0.0227769
0.0220827
0
0.0220827
0.0220827
0
0.0220827
0
0.0220827
0.0214296
0
0.0214296
0.0214296
0
0
0
0
0
0
0
0
0
0
0
