0
0
0
0
0
0
-0.301497
-0.4
-0.31612
-0.4
-0.320191
-0.4
-0.4
-0.314296
-0.4
-0.319631
-0.4
-0.321314
-0.4
-0.321876
-0.4
-0.4
-0.314694
-0.4
-0.319752
-0.4
-0.321354
-0.4
-0.32189
-0.4
-0.269798
-0.4
-0.151813
-0.0594364
-0.133972
-0.0226253
-0.013579
-0.00807228
0.254911
0.256072
0.256754
-0.000969912
0.25739
0.189975
-9.78594e-05
0.19006
0.190078
0.190089
-1.15513e-05
-4.5137e-06
-2.64557e-06
-1.55062e-06
0.150592
-5.32689e-07
-2.34164e-07
-1.37247e-07
0.12468
0.12468
-2.76348e-08
-1.61972e-08
-7.59476e-09
0.0429124
0.106634
0.106379
1.43034e-07
1.46249e-09
0.106375
0.0927572
-8.81422e-11
0.0927572
-3.02812e-11
-1.52129e-11
-8.91651e-12
-5.22611e-12
-3.06311e-12
-1.79534e-12
-1.05228e-12
-6.16758e-13
-3.61492e-13
-2.11877e-13
-1.08661e-13
0.0738491
0.0738491
-2.1879e-14
-1.28237e-14
-7.51616e-15
0.0670185
-2.29515e-15
0.0670185
0.0670185
0.0670185
-2.43776e-16
0.0613444
-8.37449e-17
0.0613444
0.0613444
0.0613444
0.0565562
0.0565562
-3.08653e-18
0.0565562
-1.06032e-18
0.0565562
-3.64256e-19
0.0565562
-1.25134e-19
-7.3343e-20
-3.94053e-20
-2.30961e-20
0.0204383
0.00031391
0.0524641
0.0524613
0.0489193
0.0489193
0.0489193
2.01412e-15
2.78169e-17
3.84082e-19
0.0489193
0.0489193
0.0458254
0.0458254
-6.5515e-24
0.0458254
-2.25072e-24
0.0430996
0.0430996
-4.2297e-25
0.0430996
-1.45304e-25
0.0166918
0.0432754
0.0406821
0.0406798
0.0406798
8.57937e-12
0.0406798
0.0406798
2.26014e-17
2.93787e-19
4.05751e-21
5.60383e-23
0.0385173
1.00269e-26
9.93524e-29
-2.15621e-29
-1.374e-29
-8.06845e-30
-4.72926e-30
-2.7719e-30
0.014106
0.000209383
0.0365752
3.78763e-08
5.23112e-10
0.0348157
9.97811e-14
1.30918e-15
1.80811e-17
2.49719e-19
3.44889e-21
4.76328e-23
6.57859e-25
9.08572e-27
1.25483e-28
1.73257e-30
2.25254e-32
1.56507e-34
-8.84477e-35
0.0317632
-3.18776e-35
0.0122139
0.0319022
0.0304311
0.0304293
4.51779e-10
0.0304293
8.61746e-14
1.19016e-15
0.0304293
0.0292029
0.0292029
4.14198e-23
5.72051e-25
0.0292029
0.0280715
0.0280715
1.99461e-32
2.75475e-34
3.80354e-36
5.19073e-38
3.51457e-40
-2.09336e-40
-1.28432e-40
-7.23406e-41
-4.24005e-41
-2.4852e-41
-1.45665e-41
-8.53811e-42
-5.00404e-42
-2.93292e-42
-1.65353e-42
-9.68297e-43
-5.67526e-43
-3.33509e-43
-1.9478e-43
-1.14906e-43
-6.72623e-44
0.0260528
0.0260528
-1.4013e-44
0.0260528
0.0251485
-2.8026e-45
0.0251485
0.0251485
-0
-0
-0
-0
0
0
0
0
0
0
0
0
-0.010562
0
-0.010562
0
0
0
-0.0102279
0
-0.0102279
0
0
0
-0.0102279
0
0
0.0116529
0
0
0
0.0220827
0.0220827
0
0.00844023
0.00012163
1.68085e-06
2.32145e-08
3.20617e-10
4.42806e-12
6.11562e-14
8.44631e-16
1.16652e-17
-0.00991434
2.22509e-21
2.97705e-23
4.11162e-25
5.67858e-27
7.84271e-29
1.08316e-30
0.0110131
2.00347e-34
2.767e-36
3.82152e-38
5.27792e-40
7.28955e-42
0.00794903
0.000114263
