0
0
0
0
0
0
-0.301497
-0.4
-0.31612
-0.4
-0.320191
-0.4
-0.321499
-0.4
-0.321939
-0.4
-0.322089
-0.4
-0.4
-0.4
-0.322158
-0.4
-0.322164
-0.4
-0.322166
-0.4
-0.322167
-0.4
-0.4
-0.314764
-0.4
-0.4
-0.4
-0.4
-0.305817
-0.4
-0.176801
-0.107126
-0.144504
-0.0446513
-0.13114
-0.0165521
-0.00987053
-0.00584498
-0.0901518
-0.00101627
-0.00059628
-0.000349705
-0.000205042
-0.000120204
0.190049
-4.13022e-05
-0.0894176
-1.41896e-05
-8.3169e-06
-4.87472e-06
0.190102
-1.67464e-06
-6.54357e-07
-3.8353e-07
-2.24793e-07
-1.31755e-07
0.150593
-4.52622e-08
0.150593
-1.55491e-08
-9.11357e-09
0.12468
0.12468
-1.37626e-09
-8.06651e-10
-4.72792e-10
-2.77111e-10
-1.62419e-10
0.12468
0.12468
-3.27032e-11
-1.91679e-11
-1.12346e-11
-6.5848e-12
-3.85946e-12
-2.26209e-12
0.12468
-6.21683e-13
-3.64379e-13
-2.13568e-13
0.106375
0.106375
0.106375
-2.10035e-14
-1.23105e-14
0.0927572
0.0927572
-2.47873e-15
0.0927572
-8.51523e-16
-4.99092e-16
0.0927572
0.0822302
0.0822302
0.0822302
-2.95906e-17
0.0738491
0.0738491
0.0738491
0.0738491
0.0738491
0.0738491
0.0738491
-3.60608e-19
-2.11358e-19
-1.2388e-19
-6.45408e-20
0.0670185
0.0670185
-1.29953e-20
-7.61677e-21
-4.46432e-21
0.0670185
0.0613444
-8.09002e-22
0.0613444
0.0613444
0.0613444
-9.54742e-23
-5.5959e-23
0.0613444
0.0565562
0.0565562
-6.00363e-24
0.0565562
0.0565562
-1.20883e-24
0.0524613
-3.80667e-25
-2.23115e-25
-1.30772e-25
0.0524613
0.0489193
0.0489193
0.0489193
0.0489193
-4.89391e-27
-2.8684e-27
0.0489193
0.0458254
0.0458254
0.0458254
-1.84236e-28
0.0458254
0.0458254
0.0430996
0.0430996
0.0430996
-6.97135e-30
0.0430996
0.0430996
-1.40368e-30
0.0406798
0.0406798
0.0406798
0.0406798
0.0385173
-5.0213e-32
0.0385173
-1.72498e-32
-1.01104e-32
0.0385173
-3.28029e-33
0.0365731
0.0365731
-6.60488e-34
-3.87123e-34
-2.26899e-34
0.0348157
0.0348157
-4.32817e-35
-2.53681e-35
0.0348157
-8.71478e-36
-5.10788e-36
0.0348157
0.0348157
0.0348157
-5.72665e-37
-3.35648e-37
-1.96729e-37
-1.15306e-37
-6.75829e-38
0.0332195
0.0332195
0.0332195
-7.97578e-39
-4.45213e-39
-2.60947e-39
0.0317632
0.0317632
0.0317632
0.0304293
0.0304293
0.0304293
0.0304293
-3.46919e-41
0.0304293
0.0304293
0.0304293
-4.09459e-42
0.0304293
-1.34525e-42
-7.88931e-43
-4.62428e-43
-2.70451e-43
-1.58347e-43
0.0292029
-5.46506e-44
-3.22299e-44
-1.82169e-44
-1.12104e-44
-7.00649e-45
0.0292029
0.0292029
-1.4013e-45
0.0280715
0.0280715
0.0280715
0.0280715
-0
0.0280715
0
0.0280715
0.0270245
0
0.0270245
0.0270245
0
0
0
0
0
0
0.0260528
0
0
0
0
0
0
0
0
0
0
0
0
0
0
0
0
0
0
0
0
0
0
0
0
0
0
0.0235161
0.0235161
0
0
0
0.0235161
0.0227769
0
0
0
0.0227769
0.0227769
0.0227769
0
0.0220827
0
0
0
0
0.0214296
0.0214296
0.0214296
0
0.0214296
0
0.00794903
0.020911
0.0208153
2.18076e-08
3.01186e-10
4.03735e-12
5.57601e-14
7.70105e-16
1.0636e-17
1.46894e-19
2.02876e-21
2.80193e-23
3.86976e-25
5.34454e-27
7.38137e-29
1.01945e-30
1.40796e-32
-0.0088313
2.60889e-36
-0.0088313
4.97632e-40
6.87337e-42
9.52883e-44
-0.0088313
0
-0.00859653
0
0
0
0.0191626
0
0
-0.00859653
0
0
-0.00837392
0
0
-0.00837392
0
0
0
