0
0
0
0
0
0
-0.301497
-0.4
-0.31612
-0.4
-0.320191
-0.4
-0.321499
-0.4
-0.321939
-0.4
-0.322089
-0.4
-0.4
-0.4
-0.322158
-0.4
-0.322164
-0.4
-0.322166
-0.4
-0.4
-0.168732
-0.0921886
-0.14095
-0.0373155
-0.129799
-0.0136554
-0.00811835
-0.00479861
-0.00282658
-0.00166156
-0.000975548
-0.000286386
-0.000167905
-9.84293e-05
-5.76969e-05
-3.38191e-05
-1.98227e-05
-1.16186e-05
-6.80995e-06
-2.66098e-06
-1.55965e-06
-9.14137e-07
0.124679
-2.35528e-07
-1.38047e-07
-8.09114e-08
-4.74236e-08
-2.77957e-08
-1.62915e-08
-9.54875e-09
0.0429124
0.106634
0.106379
1.43029e-07
1.45943e-09
0.0429124
0.0930155
0.0927607
0.0927572
0.0927572
0.0927572
0.0822302
0.0822302
0.0822302
0.0822302
0.0822302
0.0738491
-3.18148e-13
0.0738491
0.0738491
0.0738491
0.0738491
0.0670185
0.0670185
0.0670185
0.0670185
-2.30852e-15
0.0240347
0.000376574
5.21055e-06
0.0240347
0.000376574
5.21057e-06
7.19652e-08
9.93916e-10
1.3727e-11
1.89575e-13
0.0565562
2.97704e-17
-1.36557e-18
-1.06023e-18
0.0524613
-3.35845e-19
0.0524613
-1.15374e-19
0.0524613
0.0524613
0.0489193
-1.25685e-20
0.0489193
0.0489193
-2.53067e-21
0.0489193
0.0489193
-5.0955e-22
0.0458254
-1.62544e-22
-9.52697e-23
-5.58391e-23
-3.27282e-23
-1.91826e-23
-1.12432e-23
-6.58984e-24
-3.60492e-24
0.0166918
0.0432754
0.043102
0.0430996
0.0430996
9.15132e-12
0.0430996
0.0430996
0.0406798
0.0406798
0.0406798
5.95354e-23
0.0406798
0.0385173
0.0385173
-6.14959e-28
0.0385173
-2.11958e-28
-1.24233e-28
-6.87695e-29
-4.0307e-29
-2.36246e-29
-1.38468e-29
-8.11582e-30
-4.75682e-30
-2.78805e-30
-1.63412e-30
-9.07377e-31
-5.31829e-31
-3.11714e-31
-1.82701e-31
-1.07084e-31
-6.27636e-32
-3.67868e-32
-2.04833e-32
-1.20056e-32
-7.03668e-33
0.0332195
-2.30222e-33
-1.34937e-33
0.0122139
0.0319022
2.48125e-06
0.0317633
0.0317632
0.0304293
0.0304293
0.0304293
0.0304293
0.0304293
0.0304293
0.0304293
5.98053e-25
7.90063e-27
1.09116e-28
1.50701e-30
2.08132e-32
2.87372e-34
3.92192e-36
2.66269e-38
-1.51161e-38
-9.27512e-39
-5.44204e-39
-3.18975e-39
-1.86957e-39
-1.09578e-39
-6.42257e-40
-3.76438e-40
-2.20636e-40
-1.24145e-40
-7.27638e-41
-4.26485e-41
-2.49964e-41
-1.46506e-41
-8.58716e-42
-5.03346e-42
-2.83623e-42
-1.66194e-42
-9.73902e-43
-5.7173e-43
-3.3491e-43
-1.96182e-43
-1.14906e-43
-6.72623e-44
-3.92364e-44
-2.24208e-44
0.0251485
0.0251485
0.0251485
0.0251485
0.0251485
0.0251485
0.0251485
-0
-0
-0
0
0
0
0
0
0
0
0.00899613
0.000130013
1.79677e-06
2.48155e-08
3.42729e-10
4.73344e-12
6.31947e-14
8.72786e-16
1.20541e-17
0.00870932
