0
0
0
0
0
0
-0.301497
-0.4
-0.4
-0.310629
-0.4
-0.318555
-0.4
-0.320963
-0.4
-0.321757
-0.4
-0.322027
-0.4
-0.4
-0.31473
-0.4
-0.319763
-0.4
-0.321358
-0.4
-0.321891
-0.4
-0.322072
-0.4
-0.4
-0.4
-0.322156
-0.4
-0.4
-0.4
-0.242138
-0.214125
-0.161222
-0.159885
-0.075312
-0.137225
-0.0295209
-0.0933667
-0.00540083
-0.0907789
-0.00187195
-0.0898798
-0.000645059
-0.0701772
-0.000147917
-8.67096e-05
-5.08265e-05
-2.97918e-05
-1.7462e-05
-0.0700474
-5.99895e-06
-0.0700438
-2.06086e-06
-1.2079e-06
-7.07974e-07
-4.14956e-07
-0.0575721
-1.06913e-07
-6.26636e-08
-3.67282e-08
-2.1527e-08
-1.26173e-08
-7.39524e-09
-4.33447e-09
-2.54051e-09
-0.057572
-8.72747e-10
-5.11532e-10
-2.99817e-10
-1.75728e-10
-0.057572
-6.03683e-11
-3.53828e-11
-2.07385e-11
-1.21552e-11
-7.12435e-12
-0.0488712
-1.95796e-12
-1.14759e-12
0.106375
-3.94235e-13
-2.31068e-13
-1.35433e-13
-7.93794e-14
-3.87713e-14
0.0370866
0.000626836
8.6841e-06
1.19942e-07
1.65652e-09
0.0927572
2.70045e-13
3.27766e-15
0.0822302
-1.58289e-16
0.0822302
0.0822302
-3.20152e-17
-1.87647e-17
-1.09983e-17
0.0738491
-3.30599e-18
-1.93769e-18
-1.13571e-18
-6.65661e-19
-3.90155e-19
-2.28676e-19
-1.34031e-19
0.0670185
0.0670185
-2.39886e-20
-1.40601e-20
0.0670185
0.0670185
-2.83101e-21
-1.6593e-21
0.0670185
-5.70025e-22
-3.34101e-22
-1.7624e-22
-1.03297e-22
-6.05442e-23
-3.5486e-23
0.0613444
-1.21906e-23
0.0613444
-4.18787e-24
0.0565562
-1.30788e-24
-7.66571e-25
-4.493e-25
-2.63342e-25
-1.54349e-25
0.0565562
0.0565562
-2.84884e-26
-1.66975e-26
0.0524613
0.0524613
0.0524613
-1.97055e-27
-1.15498e-27
0.0489193
-3.66251e-28
0.0489193
0.0489193
0.0489193
0.0489193
0.0458254
0.0458254
0.0458254
-4.7366e-30
0.0458254
0.0458254
0.0430996
-5.21722e-31
0.0430996
-1.68027e-31
0.0406798
0.0406798
0.0406798
0.0406798
-1.16225e-32
0.0385173
0.0385173
-2.20253e-33
-1.29094e-33
0.0385173
-4.43481e-34
0.0385173
-1.5235e-34
0.0148741
0.000221686
0.0365752
0.0365731
5.52174e-10
0.0365731
0.0365731
0.0365731
0.0348157
0.0348157
0.0348157
0.0348157
0.0348157
0.0332195
0.0332195
0.0332195
0.0332195
0.0317632
0.0317632
0.0317632
0.0317632
0.0317632
0.0304293
0.0304293
0.0304293
0.0304293
0.0304293
0.0292029
0.0292029
-1.23328e-41
-7.2293e-42
0.0280715
0.0280715
0.0280715
0.0280715
0.0280715
0.0270245
0.0270245
0.0270245
0.0270245
0.0270245
0.0260528
0.0260528
0.0260528
0.0260528
0.0260528
0.0251485
0.0251485
0.0251485
0.0251485
0.0251485
0.0243049
0.0243049
0
0.0243049
0.0243049
0.0243049
0.0235161
0.0235161
0.0235161
0.0235161
0.0235161
0.0227769
0.0227769
0.0227769
0.0227769
0.0227769
0.0220827
0.0220827
0.0220827
0.0220827
0.0220827
0.0220827
0.0220827
0.0220827
0.0214296
0.0214296
0.0214296
0.0214296
0.0214296
0.0214296
0.0214296
0.020814
0.020814
0.020814
0.020814
0.020814
0.0202328
0.0202328
0.0202328
0.0202328
0.0202328
0.0196831
0.0196831
0.0196831
0.0196831
0.0196831
0.0191626
0.0191626
0.0191626
0.0191626
0.0191626
0.0186688
0.0186688
0.0186688
0.0186688
0.0186688
0.0186688
0.0181999
0.0181999
0.0181999
0.0181999
0.0181999
0
0.017754
0.017754
0.017754
0.017754
0.017754
0
0.0173293
0.0173293
0
0
0
0
0
0
0
0
0
0
0
0
0
0
0
0
0
0
0
0
0
0
0
0
0.0161692
0.0161692
0.0161692
0
0
0.0158162
0
0
0
0
0
0
0
0
0
0
0
0
0
0
0
0
0
0
0
0
0
0
0
0
0.0148442
0
0.0145461
0
0
0
