0
0
0
0
0
0
-0.301497
-0.4
-0.31612
-0.4
-0.320191
-0.4
-0.321499
-0.4
-0.321939
-0.4
-0.322089
-0.4
-0.4
-0.4
-0.322158
-0.4
-0.322164
-0.4
-0.322166
-0.4
-0.4
-0.4
-0.151961
-0.0597309
-0.13403
-0.0227496
-0.127257
-0.00811835
0.18823
-0.0014183
-0.000832511
-0.000488369
0.189882
0.189974
0.190028
0.190059
-3.38191e-05
-1.98227e-05
0.190095
0.150589
0.150591
0.150592
0.150592
0.150592
-3.14037e-07
0.124679
0.12468
-4.74236e-08
0.12468
-1.62915e-08
-9.54875e-09
-5.59668e-09
-3.28031e-09
0.106375
0.106375
0.106375
0.106375
0.106375
-1.06392e-10
-6.23581e-11
-3.65491e-11
-2.14221e-11
-1.25558e-11
-6.13265e-12
-3.59445e-12
-2.10677e-12
-1.23481e-12
-7.23743e-13
-4.24198e-13
-2.48629e-13
-1.24908e-13
-7.32106e-14
-4.29099e-14
-2.51502e-14
-1.4741e-14
-8.63993e-15
-5.06401e-15
-2.9681e-15
-1.73965e-15
-1.01964e-15
-5.97627e-16
-3.50279e-16
0.0738491
-1.05291e-16
0.0738491
-3.61709e-17
0.0738491
0.0738491
0.0738491
0.0670185
0.0670185
-1.3035e-18
-7.64003e-19
-4.47795e-19
-2.6246e-19
-1.38449e-19
0.0613444
-4.75618e-20
-2.78767e-20
-1.6339e-20
-9.57657e-21
-5.61299e-21
-3.28987e-21
0.0565562
0.0565562
-6.02196e-22
0.0565562
0.0524613
0.0524613
-6.51457e-23
0.0524613
-2.23797e-23
-1.31171e-23
-7.68815e-24
-4.50615e-24
-2.43797e-24
-1.42893e-24
-8.37522e-25
-4.90885e-25
-2.87716e-25
-1.68635e-25
-9.17799e-26
-5.37937e-26
-3.15294e-26
-1.84799e-26
0.017778
0.000269126
3.72185e-06
5.14036e-08
7.09938e-10
9.80499e-12
0.0430996
0.0430996
0.0430996
3.32959e-19
0.0430996
0.0430996
0.0406798
1.1348e-26
0.0406798
-9.70235e-31
-1.80847e-30
-1.0771e-30
-6.31541e-31
-3.48386e-31
-2.04195e-31
-1.19682e-31
-7.01476e-32
-4.11147e-32
-2.4098e-32
-1.41242e-32
-8.27845e-33
-4.58257e-33
-2.68592e-33
0.0365731
0.0365731
-5.12347e-34
-3.00295e-34
-1.76008e-34
0.0348157
0.0348157
0.0332195
-1.9733e-35
-1.15658e-35
-6.77892e-36
-3.97324e-36
0.0127856
0.000188464
2.60531e-06
3.59825e-08
4.96957e-10
0.0317632
0.0317632
0.0317632
1.72201e-17
2.37828e-19
3.13535e-21
4.33025e-23
0.0304293
8.25974e-27
1.09116e-28
1.50701e-30
2.08133e-32
2.87454e-34
3.96991e-36
5.47514e-38
7.1091e-40
-0.0126235
-1.51228e-41
-0.0126235
-5.24226e-42
-0.0126235
-1.80067e-42
-0.0121492
-5.94151e-43
-3.47522e-43
-2.0459e-43
-0.0121492
-7.00649e-44
-4.06377e-44
-2.38221e-44
-1.4013e-44
0.0270245
-4.2039e-45
0.0103609
0.0271461
0.0270262
0.0260528
0.0260528
0.0260528
0.0260528
0.0260528
1.39086e-17
1.92092e-19
2.65299e-21
3.66406e-23
5.06045e-25
6.98902e-27
9.65257e-29
-0.0113001
1.77299e-32
-0.0113001
3.38189e-36
-0.0113001
