0
0
0
0
0
0
-0.301497
-0.4
-0.4
-0.310629
-0.4
-0.4
-0.312267
-0.4
-0.319028
-0.4
-0.321116
-0.4
-0.321809
-0.4
-0.322044
-0.4
-0.4
-0.314735
-0.4
-0.319764
-0.4
-0.267793
-0.4
-0.4
-0.4
-0.4
-0.303188
-0.4
-0.174573
-0.103044
-0.143507
-0.0426037
-0.130761
-0.015736
-0.00937581
-0.00554915
-0.00327123
0.189357
-0.00056572
-0.000331772
-0.000194524
-0.000114037
-6.68466e-05
-3.91826e-05
-2.29665e-05
0.190094
-7.89005e-06
-4.62453e-06
-2.71053e-06
0.190103
-6.20773e-07
0.150593
-2.13256e-07
0.150593
-7.32605e-08
0.150593
-2.51674e-08
0.150593
0.12468
0.12468
-2.22759e-09
-1.30563e-09
0.12468
-4.48526e-10
-2.10311e-10
0.106375
0.106375
0.106375
-2.48198e-11
0.106375
-8.52641e-12
-4.99747e-12
-2.9291e-12
0.0927572
-8.38535e-13
0.0370866
0.0930155
8.6841e-06
0.0927572
1.65646e-09
0.0927572
2.96048e-13
-7.31476e-15
-6.7848e-15
-3.43815e-15
-2.01557e-15
0.0326535
0.000537528
7.44356e-06
1.02807e-07
1.41988e-09
0.0822302
2.36938e-13
3.24838e-15
3.08061e-17
-7.81387e-18
-4.93713e-18
-2.89867e-18
-1.69903e-18
-9.95828e-19
0.0291671
0.000470495
0.0263577
0.000418407
5.79059e-06
0.0263534
0.000418329
0.0670217
0.0670185
0.0670185
0.0613444
1.89585e-13
2.61836e-15
3.61619e-17
4.99177e-19
0.0565562
0.0565562
0.0565562
0.0565562
0.0524613
0.0524613
0.0524613
0.0524613
0.0524613
0.0489193
-5.68744e-25
0.0489193
0.0489193
0.0489193
0.0489193
0.0458254
-2.1411e-26
0.0458254
0.0458254
0.0458254
-2.35836e-27
-1.38227e-27
0.0430996
-4.74856e-28
-2.78321e-28
0.0430996
-9.56124e-29
-5.604e-29
0.0430996
0.0430996
0.0406798
0.0406798
-3.63404e-30
-2.12997e-30
0.0406798
0.0406798
0.0406798
0.0385173
-1.38665e-31
-8.12736e-32
0.0385173
-2.6369e-32
-1.54553e-32
0.0365731
-5.30941e-33
-3.11193e-33
-1.82396e-33
-1.06905e-33
0.0365731
-3.67254e-34
-2.15254e-34
-1.26164e-34
0.014106
0.0349653
2.74243e-06
0.0348158
0.0348157
0.0348157
9.97811e-14
0.0348157
0.0332195
0.0332195
0.0332195
0.0332195
0.0332195
0.0317632
1.19508e-28
1.65053e-30
0.0317632
3.14823e-34
4.34392e-36
5.75769e-38
0.0317632
-8.38974e-40
-4.98292e-40
0.0317632
-1.71234e-40
-1.00364e-40
-5.615e-41
-3.29109e-41
-1.92903e-41
0.0304293
-6.62674e-42
-3.71484e-42
0.0292029
-1.27658e-42
-7.48293e-43
-4.38606e-43
-2.56438e-43
-1.49939e-43
-8.82818e-44
-4.90454e-44
-2.94273e-44
0.0280715
-9.80909e-45
-5.60519e-45
-2.8026e-45
-1.4013e-45
-1.4013e-45
-1.4013e-45
0.0280715
-0
-0
-0
0
0
0
0
0
0.0270245
0.0270245
0
0
0.0260528
0.0251485
0.0251485
0
0
0
0
0.0251485
0
0
0.00963042
0.0252629
1.86094e-06
0.024305
0.0243049
0.0243049
6.77086e-14
9.35127e-16
1.24697e-17
1.7222e-19
2.37854e-21
3.28502e-23
4.53696e-25
6.26601e-27
8.65403e-29
1.15537e-30
1.59569e-32
-0.0102279
3.0437e-36
-0.0102279
5.80571e-40
-0.00991434
1.06499e-43
-0.00991434
0
-0.00991434
0
-0.00961942
0
0
0
0
0
-0.00961942
0
0
0
0
0.0214296
0.0214296
0.0214296
0.020814
0.020814
0.020814
0.020814
0.0202328
0
0
0
-0.00907926
0
0
-0.0088313
0
-0.0088313
0
-0.0088313
0
-0.00859653
0
-0.00859653
0
0
0
-0.00859653
0
0
-0.00837392
0
0
0
0
0
0.00992349
0
0
0
0
0
0.0186688
0
0
0
0
0.0186688
