0
0
0
0
0
0
-0.301497
-0.4
-0.31612
-0.4
-0.320191
-0.4
-0.321499
-0.4
-0.321939
-0.4
-0.322089
-0.4
-0.4
-0.4
-0.322158
-0.4
-0.322164
-0.4
-0.4
-0.16873
-0.0921854
-0.140949
-0.037314
-0.129799
-0.0136548
-0.008118
-0.0904464
-0.00141824
-0.089765
-0.000488348
-0.000286374
-0.000167898
-9.8425e-05
-5.76944e-05
-0.0894218
-1.98218e-05
-1.16181e-05
-6.80965e-06
-3.99128e-06
-2.33937e-06
-1.37114e-06
-8.03652e-07
-3.14023e-07
-1.84054e-07
-1.07877e-07
-6.32286e-08
0.150593
-1.62908e-08
0.12468
0.12468
-3.28016e-09
-1.92256e-09
0.12468
-6.60462e-10
-3.09686e-10
0.106375
-1.06387e-10
0.106375
-3.65475e-11
0.106375
-1.25553e-11
-7.35885e-12
0.0429124
0.000626836
8.6841e-06
1.19941e-07
1.6561e-09
0.0927572
0.0927572
-8.10447e-14
0.0927572
-2.93398e-14
0.0822302
-8.63955e-15
0.0822302
-2.96797e-15
-1.52213e-15
-8.92145e-16
-5.22901e-16
-3.06481e-16
-1.79634e-16
-1.05286e-16
-6.171e-17
0.0670185
0.0670185
0.0670185
0.0670185
0.0670185
0.0670185
0.0670185
0.0613444
0.0613444
-2.36204e-19
0.0613444
0.0565562
0.0565562
0.0565562
0.0565562
0.0565562
-5.10249e-21
-2.99065e-21
-1.75287e-21
-1.02739e-21
-6.02169e-22
-3.2353e-22
-1.89626e-22
-1.11143e-22
-6.51428e-23
-3.81813e-23
0.0524613
-1.31165e-23
-7.68781e-24
-4.50595e-24
-2.64101e-24
0.0524613
-9.07275e-25
-4.90864e-25
-2.87703e-25
-1.68628e-25
-9.88355e-26
0.0458254
-3.1528e-26
0.0458254
0.0458254
0.0458254
0.0430996
0.0430996
0.0430996
0.0430996
-4.09832e-28
-2.40209e-28
-1.40791e-28
-8.25198e-29
-4.53433e-29
-2.65765e-29
0.0406798
-9.12989e-30
-5.35118e-30
-2.95192e-30
-1.73017e-30
-1.01408e-30
-5.9437e-31
-3.4837e-31
0.0385173
-1.19677e-31
-7.01445e-32
-3.88288e-32
-2.27582e-32
-1.3339e-32
-7.81819e-33
-4.58237e-33
-2.6858e-33
-1.57419e-33
-9.22661e-34
-5.12325e-34
-3.00282e-34
-1.76e-34
-1.03157e-34
-6.04619e-35
-3.54377e-35
-2.07706e-35
-1.2174e-35
-7.13539e-36
-4.18217e-36
0.0134134
0.000198373
2.74243e-06
3.59825e-08
4.96957e-10
6.86349e-12
0.0332195
0.0332195
0.0332195
0.0317632
3.28466e-21
0.0317632
6.26532e-25
8.65307e-27
1.19508e-28
0.0317632
0.0317632
3.1483e-34
4.34799e-36
5.99658e-38
7.43226e-40
-1.747e-41
-1.64975e-41
-9.75584e-42
-5.7187e-42
-3.35191e-42
-1.96462e-42
-1.10142e-42
-6.45999e-43
-3.78351e-43
-2.21405e-43
-1.30321e-43
-0.0126235
-4.34403e-44
-2.52234e-44
-1.4013e-44
-8.40779e-45
-5.60519e-45
-2.8026e-45
-1.4013e-45
-1.4013e-45
-0
-0
-0
-0
0
0
0
0
0
0.0270245
0
0
0
0
0
0
0
0
0
0
0
0
0
0.00963042
0.0252629
0.0251501
0.024305
0.0243049
0.0243049
6.77086e-14
9.35127e-16
1.24697e-17
1.7222e-19
2.37854e-21
3.28502e-23
-0.010562
6.26601e-27
-0.0102279
1.15537e-30
-0.0102279
2.20381e-34
-0.0102279
4.20367e-38
-0.00991434
7.75899e-42
-0.00991434
1.4013e-45
0
0
-0.00991434
0
0
0
0
-0.00961942
0
0
0
0
0
0
0
0.0214296
0
0
0.011324
0
