0
0
0
0
0
0
-0.301497
-0.4
-0.31612
-0.4
-0.320191
-0.4
-0.321499
-0.4
-0.321939
-0.4
-0.322089
-0.4
-0.4
-0.4
-0.322158
-0.4
-0.322164
-0.4
-0.4
-0.16873
-0.0921854
-0.140949
-0.037314
-0.129799
-0.0136548
-0.091176
-0.00241368
-0.00141824
-0.089765
-0.000488348
-0.000286374
-0.000167898
-9.8425e-05
-5.76944e-05
-3.38177e-05
-1.98218e-05
-1.16181e-05
-6.80965e-06
-3.99128e-06
-2.33937e-06
-1.37114e-06
-8.03652e-07
-4.71034e-07
0.150593
0.150593
-6.32286e-08
0.150593
0.150593
0.150593
0.12468
0.12468
0.12468
-1.12684e-09
-6.60462e-10
0.12468
-2.2689e-10
-1.32984e-10
-7.79442e-11
-4.56844e-11
0.106375
0.106375
0.106375
-4.31315e-12
-2.10667e-12
-1.23476e-12
-7.23711e-13
-4.24179e-13
-2.48618e-13
-1.45719e-13
-8.54086e-14
0.0822302
-2.51491e-14
0.0822302
-8.63955e-15
-4.43081e-15
-2.59697e-15
-1.52213e-15
-8.92145e-16
0.0291671
0.000470495
6.51315e-06
0.0738492
0.0738491
0.0670185
2.1063e-13
2.89824e-15
0.0613444
0.0613444
-1.99458e-18
-1.173e-18
-6.87571e-19
-4.02997e-19
-2.36204e-19
-1.38443e-19
-8.11437e-20
-4.75597e-20
0.0565562
0.0565562
-8.70559e-21
0.0565562
0.0565562
-1.75287e-21
-1.02739e-21
0.0565562
-3.52941e-22
0.0524613
0.0524613
0.0524613
0.0524613
0.0489193
0.0489193
0.0489193
0.0489193
0.0489193
0.0458254
-7.77664e-25
0.0458254
-2.49343e-25
-1.46144e-25
-8.56574e-26
0.0430996
-2.94261e-26
-1.72471e-26
-1.01088e-26
-5.92496e-27
-3.47272e-27
-2.03542e-27
-1.11843e-27
-6.55531e-28
0.0406798
-2.25196e-28
-1.31991e-28
0.0406798
-4.53433e-29
-2.50132e-29
-1.46606e-29
-8.59284e-30
-5.03641e-30
0.0148741
0.000221686
3.06506e-06
0.0148741
0.000221686
3.06507e-06
3.99807e-08
5.52175e-10
0.014106
0.0367285
2.89478e-06
3.99806e-08
5.52174e-10
7.6261e-12
1.05325e-13
1.37808e-15
1.90328e-17
0.0348157
3.63041e-21
5.01398e-23
0.0348157
0.0348157
0.0348157
0.0332195
0.0332195
0.0332195
0.0332195
0.0332195
0.0332195
-4.46541e-37
-2.61732e-37
-1.53405e-37
-8.99135e-38
-5.26998e-38
-3.08882e-38
-1.81041e-38
-1.06111e-38
-6.21935e-39
-3.47957e-39
-2.03944e-39
-1.19535e-39
-7.00613e-40
-4.10641e-40
-2.40683e-40
-1.41069e-40
-8.26822e-41
-4.6355e-41
-2.71698e-41
-1.59244e-41
-9.33405e-42
-5.47067e-42
-3.20617e-42
-1.87914e-42
-1.10142e-42
-6.45999e-43
0.0280715
-2.12997e-43
-1.24716e-43
0.0270245
-4.06377e-44
-2.38221e-44
-1.4013e-44
-8.40779e-45
-4.2039e-45
-2.8026e-45
0.0260528
-1.4013e-45
-0
-0
-0
-0
0
0
0
0
0
0
0
0
0.00930248
0.000134654
0.0235176
2.48155e-08
3.42729e-10
0.0235161
0.0235161
0.0227769
1.20541e-17
1.6648e-19
2.29926e-21
3.17552e-23
4.38572e-25
6.05715e-27
8.36556e-29
1.15537e-30
1.54422e-32
2.13272e-34
2.94552e-36
4.06807e-38
5.61844e-40
