0
0
0
0
0
0
-0.301497
-0.4
-0.31612
-0.4
-0.320191
-0.4
-0.321499
-0.4
-0.4
-0.314604
-0.4
-0.319725
-0.4
-0.321345
-0.4
-0.4
-0.314567
-0.4
-0.4
-0.4
-0.227327
-0.4
-0.132557
-0.0195994
-0.126726
-0.00695681
-0.124664
0.189164
0.189553
-0.000417333
-0.000244711
-0.000143466
0.190039
0.190066
0.190082
0.190091
-9.9269e-06
-5.81838e-06
0.190101
0.190102
0.150592
-4.57776e-07
-2.6831e-07
-1.57261e-07
0.150593
0.150593
0.12468
0.12468
-8.15837e-09
-4.78176e-09
-2.80267e-09
0.12468
-7.70247e-10
-4.51454e-10
-2.64605e-10
-1.55089e-10
-9.09005e-11
-5.32783e-11
-3.12273e-11
-1.83028e-11
0.0927572
-5.23969e-12
-3.07107e-12
-1.8e-12
0.0822302
-5.30023e-13
-3.10655e-13
-1.8208e-13
0.0738491
0.0738491
0.0738491
0.0738491
-1.10202e-14
-6.45915e-15
-3.78582e-15
-2.21893e-15
-1.15605e-15
0.0670185
0.0670185
0.0670185
0.0670185
0.0613444
-4.21815e-17
-2.47233e-17
-1.44907e-17
-8.49326e-18
-4.97804e-18
-2.91771e-18
-1.55465e-18
-9.11209e-19
0.0565562
-3.1303e-19
-1.83472e-19
-1.07536e-19
-6.30287e-20
-3.69422e-20
0.0565562
-1.26908e-20
0.0220911
0.00031391
4.34215e-06
5.99709e-08
0.0524613
0.0524613
1.57987e-13
0.0524613
0.0524613
4.16143e-19
0.0489193
5.5631e-23
0.0489193
0.0489193
0.0489193
0.0458254
0.0458254
-6.64459e-25
0.0458254
-2.28264e-25
0.0430996
-7.31883e-26
-4.28969e-26
-2.51426e-26
-1.47365e-26
-8.63729e-27
-5.06246e-27
-2.96719e-27
0.0406798
-9.5562e-28
-5.60105e-28
-3.28287e-28
-1.92414e-28
-1.12777e-28
-6.61006e-29
-3.64637e-29
-2.1372e-29
-1.25265e-29
-7.34198e-30
0.0385173
-2.52221e-30
-1.47831e-30
0.0385173
0.0385173
0.0365731
-1.6477e-31
-9.65744e-32
0.0365731
-3.31765e-32
-1.94453e-32
0.0365731
-6.32851e-33
-3.70924e-33
-2.17405e-33
-1.27425e-33
0.0348157
-4.37745e-34
-2.5657e-34
-1.5038e-34
-8.81402e-35
-5.16604e-35
-2.87651e-35
-1.68597e-35
-0.0149594
-5.79186e-36
-3.3947e-36
-1.98969e-36
0.0332195
-6.83525e-37
-4.00625e-37
0.0332195
0.0317632
-7.68247e-38
-4.50283e-38
-2.63918e-38
0.0317632
-9.06645e-39
-5.314e-39
-2.97305e-39
-1.74255e-39
-1.02134e-39
-5.98625e-40
-0.0136925
-2.05648e-40
-0.0131363
-6.75748e-41
-0.0131363
-2.32139e-41
-0.0131363
-7.97479e-42
-0.0126235
-2.62603e-42
-0.0126235
-9.02436e-43
-5.2829e-43
-0.0126235
-1.82169e-43
-0.0121492
-6.02558e-44
-0.0121492
-2.10195e-44
-1.26117e-44
-7.00649e-45
-4.2039e-45
0.0136328
0.0260528
-1.4013e-45
0.0260528
0.0260528
-0
-0
-0.0117093
0
-0.0113001
0
-0.0113001
0
0
-0.0113001
0
0
0
0
0
0.0243049
0.0243049
0.0243049
0
0
0
0
0
0
0
0
-0.0109186
0
0
0
