0
0
0
0
0
0
-0.301497
-0.4
-0.4
-0.4
-0.4
-0.304837
-0.4
-0.316973
-0.4
-0.320457
-0.4
-0.321588
-0.4
-0.321969
-0.4
-0.4
-0.4
-0.309701
-0.4
-0.318292
-0.4
-0.320878
-0.4
-0.321729
-0.4
-0.4
-0.247694
-0.4
-0.140801
-0.037006
-0.129744
-0.0135348
-0.125724
-0.00475527
-0.00280092
-0.0897618
-0.000483911
-0.00028377
-0.000166371
-0.0894491
-5.71696e-05
-3.35101e-05
-1.96415e-05
0.190095
-6.74771e-06
-3.95497e-06
0.190102
0.190103
0.190103
0.150593
-1.8238e-07
0.150593
0.150593
-3.67222e-08
-1.61426e-08
-9.46147e-09
-5.54552e-09
0.12468
0.12468
-8.93274e-10
-5.23563e-10
0.106375
-1.79861e-10
-1.0542e-10
-6.17882e-11
-3.01792e-11
-1.76885e-11
-1.03676e-11
-6.0766e-12
-3.56159e-12
-2.08751e-12
-1.22352e-12
-7.17128e-13
0.0822302
-2.11163e-13
0.0822302
-7.25415e-14
0.0822302
-2.49204e-14
-1.27805e-14
0.0738491
0.0738491
-2.57335e-15
-1.50828e-15
-8.8403e-16
-5.18145e-16
-3.03693e-16
0.0738491
0.0670185
-5.43544e-17
-3.1858e-17
-1.86725e-17
-1.09443e-17
0.0613444
-3.38375e-18
-1.98327e-18
0.0613444
0.0613444
-3.99332e-19
0.0613444
0.0613444
0.0565562
0.0565562
0.0565562
0.0565562
-8.6264e-21
0.0565562
-2.96345e-21
0.0565562
0.0524613
0.0524613
0.0524613
-1.87901e-22
0.0524613
-6.45503e-23
-3.49237e-23
-2.04693e-23
0.0489193
-7.03189e-24
-4.12151e-24
0.0489193
0.0489193
0.0489193
0.0458254
0.0458254
-1.55159e-25
-9.09411e-26
-5.33021e-26
-3.12412e-26
0.0458254
-1.07324e-26
0.0430996
0.0430996
-2.0169e-27
0.0430996
-6.92873e-28
0.0430996
-2.38025e-28
-1.3951e-28
-8.17692e-29
0.0430996
0.0406798
0.0406798
-9.04685e-30
-5.30251e-30
0.0406798
0.0406798
0.0406798
0.0385173
0.0385173
-2.02329e-31
-1.18588e-31
0.0385173
0.0385173
0.0385173
0.0365731
0.0365731
0.0365731
-2.66138e-33
-1.55988e-33
-9.14269e-34
0.0365731
0.0365731
-1.84088e-34
0.0348157
-5.9912e-35
-3.51154e-35
-2.05817e-35
-1.20633e-35
0.0332195
-3.93693e-36
0.0332195
-1.35246e-36
-7.92702e-37
0.0332195
-2.72319e-37
0.0332195
-9.35505e-38
-5.48315e-38
0.0317632
0.0317632
0.0317632
0.0317632
0.0317632
-2.11712e-39
0.0304293
-6.94241e-40
-4.06906e-40
0.0304293
0.0304293
0.0304293
-4.59332e-41
-2.69217e-41
-1.578e-41
-9.24857e-42
-5.42022e-42
0.0292029
0.0292029
0.0292029
-6.12367e-43
0.0280715
-2.10195e-43
0.0280715
-7.28675e-44
-4.06377e-44
-2.38221e-44
-1.4013e-44
-8.40779e-45
-4.2039e-45
0.0260528
-1.4013e-45
-1.4013e-45
0.0260528
0.0260528
-0
0.0260528
0
0.0260528
0
0
0
0
0
0.0251485
0
0
0
0
0.0251485
0
0
0
0
0
0
0.0243049
0.0235161
0
0
0
0.0235161
0.0235161
0
0.0235161
0
0
0
0
0
0
0
0
0.0220827
0
0
0
0
0
0
0
0
0
0
0
0
0
0
0
0
0
0
0.020814
0
0.020814
0
0.020814
0
0
0
0
0.020814
0
0.0202328
0.0202328
0.0202328
0
0.0202328
0.0202328
0
0.0196831
0.0196831
0.0196831
0.0191626
0.0191626
0
0
0
0
0
0
0
0
0
-0.00837392
0
-0.00816255
0
0
0
-0.00816255
0
-0.00816255
0
0
0
0
-0.00796159
