0
0
0
0
0
0
-0.301497
-0.4
-0.31612
-0.4
-0.320191
-0.4
-0.268191
-0.4
-0.4
-0.4
-0.304372
-0.4
-0.316852
-0.4
-0.320419
-0.4
-0.321575
-0.4
-0.321965
-0.4
-0.4
-0.4
-0.4
-0.4
-0.133988
-0.0226591
-0.127241
-0.00808478
-0.0047786
-0.124319
-0.00165458
-0.000971441
-0.00056995
-0.000334255
-0.00019598
-0.00011489
-6.73472e-05
-3.94761e-05
-2.31385e-05
-1.35622e-05
-3.97461e-06
-2.3296e-06
-1.36542e-06
-8.00295e-07
-4.69067e-07
-2.74928e-07
-1.6114e-07
-9.44468e-08
-5.53569e-08
0.150593
0.150593
-7.43075e-09
-4.35529e-09
0.150593
0.12468
0.12468
-3.85491e-10
-2.25943e-10
-1.32429e-10
0.12468
-4.54936e-11
0.12468
0.106375
0.106375
0.106375
-2.51745e-12
-1.47552e-12
0.106375
0.106375
0.106375
-1.45111e-13
-8.50519e-14
-4.98503e-14
0.0927572
0.0822302
0.0822302
0.0822302
0.0822302
0.0738491
0.0738491
0.0738491
-3.05201e-16
0.0738491
0.0738491
-6.14523e-17
-3.60182e-17
0.0738491
0.0738491
-6.44647e-18
-3.77838e-18
-2.21457e-18
-1.298e-18
-7.60779e-19
-4.45905e-19
-2.61352e-19
-1.53183e-19
0.0613444
0.0613444
0.0613444
0.0613444
-9.53616e-21
0.0565562
-2.97817e-21
0.0220911
0.000342398
0.0565591
6.54228e-08
9.03558e-10
0.0220911
0.000342398
4.34215e-06
0.0524613
8.28261e-10
0.0524613
0.0524613
2.18196e-15
3.01352e-17
4.16198e-19
5.30549e-21
7.29947e-23
0.0489193
0.0489193
-5.74942e-26
-3.38088e-26
-1.84019e-26
-1.07857e-26
-6.32166e-27
-3.70523e-27
0.017778
0.000269126
3.72185e-06
5.14036e-08
0.0166918
0.000251207
0.043102
4.79767e-08
6.21196e-10
8.57937e-12
1.1849e-13
1.63647e-15
0.0406798
2.93787e-19
4.05751e-21
5.60385e-23
0.0385173
0.0385173
0.0385173
0.0385173
0.0385173
0.0365731
0.0365731
-7.78547e-33
0.0365731
-2.67459e-33
0.0365731
-9.18809e-34
0.0365731
-2.99028e-34
-1.75265e-34
0.0348157
-6.02094e-35
-3.52897e-35
0.0348157
0.0348157
0.0332195
-3.95647e-36
-2.31896e-36
0.0332195
0.0332195
-4.66922e-37
-2.60639e-37
0.0317632
-8.9538e-38
-5.24797e-38
-3.07592e-38
-1.80285e-38
-1.05668e-38
-6.19338e-39
-3.46504e-39
-2.03092e-39
-1.19036e-39
-6.97687e-40
-4.08926e-40
-2.39678e-40
-1.4048e-40
-8.23375e-41
-4.82593e-41
0.0292029
-1.58585e-41
0.0112114
0.0293326
2.26549e-06
0.0292029
0.0292029
0.0280715
0.0280715
0.0280715
0.0280715
2.081e-19
0.0280715
0.0270245
0.0270245
0.0270245
0.0270245
1.38645e-30
1.84118e-32
2.54286e-34
3.51196e-36
4.85039e-38
6.69889e-40
9.25137e-42
1.27518e-43
1.4013e-45
-0.0117093
0
0
-0.0113001
0
0
-0.0113001
0
-0.0113001
0
-0.0109186
0
-0.0109186
0
-0.0109186
0
0.0235161
0
0
0.00899613
0.000130013
0.0235176
0.0235161
0.0235161
4.73344e-12
0.00899613
0.0236241
1.79677e-06
0.0235161
0.0227769
0.0227769
0.0227769
8.72786e-16
1.20541e-17
1.61109e-19
2.22509e-21
3.07308e-23
4.24425e-25
5.86176e-27
8.0957e-29
1.1181e-30
1.54422e-32
2.13272e-34
2.94552e-36
-0.00961942
5.44285e-40
-0.00961942
1.03696e-43
1.4013e-45
0
0
0
-0.00961942
0
0
0
