0
0
0
0
0
0
-0.301497
-0.4
-0.31612
-0.4
-0.320191
-0.4
-0.321499
-0.4
-0.321939
-0.4
-0.4
-0.314709
-0.4
-0.319757
-0.4
-0.4
-0.314196
-0.4
-0.319601
-0.4
-0.321304
-0.4
-0.321873
-0.4
-0.4
-0.4
-0.4
-0.4
-0.4
-0.4
-0.4
-0.129787
-0.0136277
-0.12574
-0.00478867
-0.0028207
-0.0016581
-0.000973508
-0.000571165
-0.000334967
0.257608
-0.000115135
-6.74909e-05
0.0738986
-1.15943e-05
0.190099
0.190101
0.150592
0.150592
0.150592
0.150593
0.150593
0.150593
0.150593
0.12468
0.12468
0.12468
0.12468
0.106375
-1.53489e-09
-8.99625e-10
-5.27285e-10
0.0429124
0.000751731
1.04207e-05
1.43868e-07
1.95135e-09
5.064e-12
-1.01253e-11
-6.11544e-12
-3.58686e-12
-2.10235e-12
-1.23222e-12
-7.22227e-13
-4.23309e-13
-2.12664e-13
-1.24646e-13
-7.30572e-14
-4.282e-14
-2.50975e-14
-1.47101e-14
0.0738491
-4.42172e-15
-2.59164e-15
-1.51901e-15
0.0738491
-5.21828e-16
-3.05852e-16
-1.79265e-16
0.0670185
0.0670185
0.0670185
-1.88053e-17
0.0263533
0.0672501
5.78949e-06
0.0263534
0.0672501
0.0670217
7.99614e-08
9.93916e-10
0.0613444
0.0613444
0.0613444
0.0565562
0.0565562
-2.41701e-21
0.0565562
0.0565562
0.0565562
0.0565562
0.0524613
0.0524613
0.0524613
0.0524613
0.0489193
0.0489193
-2.06149e-23
0.0489193
0.0489193
-4.15081e-24
-2.43286e-24
-1.42594e-24
-8.35767e-25
-4.54867e-25
-2.66605e-25
-1.56262e-25
-9.15876e-26
-5.3681e-26
-3.14633e-26
-1.84412e-26
-1.00881e-26
-5.91281e-27
-3.46559e-27
-2.03124e-27
0.0430996
-6.97799e-28
0.0166918
0.0432754
3.25663e-06
0.0406798
0.0406798
0.0406798
0.0406798
0.0406798
0.0406798
0.0385173
0.0385173
0.0385173
0.0385173
0.0385173
0.0385173
0.0385173
0.0365731
0.0365731
-2.27064e-32
-1.33115e-32
0.014106
0.000209383
2.89478e-06
3.99806e-08
5.52174e-10
7.6261e-12
1.05325e-13
1.45464e-15
2.00901e-17
2.77466e-19
3.63041e-21
5.01398e-23
6.92483e-25
9.56391e-27
1.32088e-28
1.82427e-30
2.51937e-32
3.4713e-34
4.3133e-36
-2.112e-37
-1.59874e-37
-9.42035e-38
-5.52211e-38
-3.23661e-38
-1.89703e-38
-1.11188e-38
-6.51693e-39
-3.63779e-39
0.0122139
0.000179498
2.48125e-06
0.012214
0.0319023
0.0317652
3.42692e-08
0.0116912
0.0305635
0.0304311
0.0304293
0.0304293
0.0304293
0.0292029
0.0292029
0.0292029
0.0292029
2.99903e-21
3.9694e-23
0.0280715
0.0280715
1.04569e-28
1.44421e-30
1.99461e-32
2.75477e-34
3.80462e-36
5.0444e-38
6.96685e-40
9.62132e-42
1.33123e-43
1.4013e-45
-0
0
0
0
0
0
0
0
0
-0.0117093
0
-0.0117093
0
0
-0.0113001
0
0
0
0
0
0
0
0
0
0
0
0
0
0
0
0.0235161
0
0
0.00899613
0.000130013
0.00899777
0.000130038
0.00899777
0.0228819
1.73721e-06
0.00870934
0.0228819
1.73689e-06
0.00870934
0.0228819
1.73689e-06
2.39884e-08
3.31305e-10
4.57568e-12
6.31949e-14
8.44634e-16
1.16653e-17
1.6111e-19
2.2251e-21
3.07309e-23
4.24426e-25
5.86177e-27
7.84273e-29
1.08316e-30
1.49596e-32
2.06608e-34
2.85348e-36
0.020814
5.27793e-40
0.020814
0.0202328
1.4013e-45
0
0
0
