0
0
0
0
0
0
-0.301497
-0.4
-0.31612
-0.4
-0.4
-0.4
-0.308833
-0.4
-0.4
-0.311924
-0.4
-0.318928
-0.4
-0.321084
-0.4
-0.321798
-0.4
-0.4
-0.4
-0.4
-0.4
-0.304468
-0.4
-0.316877
-0.4
-0.4
-0.244129
-0.4
-0.4
-0.4
-0.4
-0.126878
-0.00728803
-0.124717
-0.00253399
-0.123967
-0.000874143
-0.000512813
-0.0894718
-8.81777e-05
-0.0894294
-3.02963e-05
-0.0894149
-1.04083e-05
-0.0700441
-2.38377e-06
-1.39717e-06
-0.0700424
-4.79976e-07
-0.0700421
-1.64888e-07
-9.66434e-08
-5.66443e-08
-3.32002e-08
-0.057572
-8.55401e-09
-0.057572
-2.93858e-09
-1.72235e-09
-1.0095e-09
0.12468
-3.46796e-10
-2.03263e-10
-1.19136e-10
-0.0488712
-3.27417e-11
-1.91904e-11
-1.12478e-11
-6.59254e-12
0.106375
-2.26475e-12
-1.32741e-12
0.106375
-4.56009e-13
0.106375
0.106375
-9.18175e-14
0.0429124
0.000751732
1.04208e-05
1.4393e-07
0.0927572
2.28752e-11
3.14155e-13
-0.042455
-5.64328e-16
-3.65255e-16
0.0370866
0.0930155
8.6841e-06
1.19942e-07
1.65652e-09
2.28783e-11
3.15965e-13
4.35883e-15
5.7282e-17
0.0927572
-1.01512e-18
-0.0375281
0.0822302
0.0822302
-1.03848e-19
0.0326535
0.0824818
0.0738525
8.99563e-08
0.0738491
0.0738491
0.0738491
0.0738491
0.0670185
5.54546e-19
7.43769e-21
0.0670185
-7.63503e-23
0.0670185
0.0613444
-1.41008e-23
0.0613444
0.0613444
0.0613444
-1.6641e-24
0.0565562
0.0565562
0.0565562
0.0565562
0.0565562
0.0524613
0.0524613
0.0524613
0.0524613
0.0524613
0.0489193
0.0489193
-1.23319e-27
-7.22791e-28
-4.2364e-28
-2.48302e-28
0.0489193
-8.53e-29
-4.64246e-29
-2.72102e-29
0.0458254
0.0458254
-5.47879e-30
0.0458254
0.0458254
0.0458254
0.0458254
-3.53705e-31
0.0430996
0.0430996
-7.12187e-32
-4.17425e-32
0.0430996
0.0430996
-7.87955e-33
0.0406798
-2.70688e-33
0.0406798
0.0406798
0.0406798
-3.00661e-34
0.0385173
0.0385173
0.0385173
-3.54824e-35
0.0385173
-1.21894e-35
-7.1444e-36
-4.18745e-36
0.0385173
-1.35861e-36
0.0365731
0.0365731
-2.73556e-37
0.0365731
-9.39755e-38
-5.50806e-38
0.0365731
0.0348157
0.0348157
0.0348157
0.0348157
0.0348157
-1.23996e-39
0.0332195
-4.04667e-40
-2.37182e-40
0.0332195
-8.14799e-41
0.0332195
0.0332195
-1.64064e-41
-9.61571e-42
0.0332195
0.0317632
-1.84411e-42
-1.0804e-42
-6.33387e-43
0.0317632
-2.07392e-43
-1.21913e-43
-7.14662e-44
-4.2039e-44
-2.38221e-44
-1.4013e-44
-8.40779e-45
-5.60519e-45
0.0292029
0.0292029
-1.4013e-45
0.0292029
-0
0.0292029
0.0280715
0.0280715
0.0280715
0.0280715
0.0280715
0.0270245
0
0
0
0
0
0.0270245
0.0270245
0
0
0
0.0260528
0.0260528
0
0.0260528
0
0.0260528
0.0260528
0
0
0
0
0
0
0
0
0.0243049
0
0
0
0
0
0
0
0.0235161
0
0.00899613
0.000130013
1.79677e-06
2.48155e-08
3.42729e-10
4.73344e-12
6.53739e-14
9.02882e-16
0.0227769
1.6648e-19
2.29926e-21
3.17552e-23
4.38572e-25
6.05715e-27
8.36556e-29
1.1181e-30
1.54422e-32
2.13272e-34
2.94552e-36
4.06807e-38
5.61844e-40
7.75899e-42
1.06499e-43
1.4013e-45
0
0
0
0
0.0214296
0.0214296
0.0214296
0
0
0
0
0.020814
0.020814
0
0
0.020814
0.0202328
0
0
0
0
0
0.0202328
0
0
0
0
0
0
0.0196831
0
0
0.0196831
0
0
0
0.0196831
0.0196831
0
0.0191626
0.0191626
0
0
0
0
0
0.0186688
0
0
0
0.0186688
0
0
0
0
0
0
0
0
0
0
0
0
0
0
0
0
0
0
0
0
0
0.0173293
0
0
0
0
0.0173293
