0
0
0
0
0
0
-0.301497
-0.4
-0.31612
-0.4
-0.320191
-0.4
-0.4
-0.314296
-0.4
-0.4
-0.4
-0.308583
-0.4
-0.31798
-0.4
-0.4
-0.4
-0.4
-0.306098
-0.4
-0.317306
-0.4
-0.320563
-0.4
-0.321623
-0.4
-0.4
-0.4
-0.309646
-0.4
-0.4
-0.239273
-0.4
-0.137203
-0.0294746
-0.128412
-0.0106402
-0.125255
-0.00372021
-0.0021889
-0.00128587
-0.000754671
-0.0895024
-0.00012983
-0.0894399
-4.46104e-05
-2.61481e-05
-1.53262e-05
-8.98311e-06
-5.2652e-06
-3.08604e-06
-1.80878e-06
-1.06016e-06
-6.21378e-07
-3.642e-07
-0.0894073
-1.25115e-07
-0.070042
-2.8654e-08
-1.67946e-08
-9.8436e-09
-5.7695e-09
-3.3816e-09
-1.98201e-09
-1.16169e-09
0.150593
-3.99079e-10
0.12468
0.12468
0.12468
-3.53229e-11
0.12468
-1.21346e-11
0.106375
0.106375
-1.95464e-12
-1.14565e-12
-6.71482e-13
-3.93567e-13
0.106375
0.106375
0.0927572
-3.87056e-14
0.0927572
-1.32966e-14
0.0927572
0.0927572
0.0927572
-1.5692e-15
0.0822302
-4.62061e-16
-2.70822e-16
-1.58733e-16
-9.30362e-17
-5.453e-17
0.0738491
0.0738491
-9.60718e-18
-5.63093e-18
-3.30038e-18
0.0738491
0.0738491
-5.90696e-19
0.0670185
0.0670185
0.0670185
0.0670185
0.0613444
-2.15532e-20
-1.26327e-20
0.0613444
0.0613444
0.0613444
-1.49084e-21
0.0613444
0.0613444
-3.00181e-22
-1.59947e-22
-9.37473e-23
0.0565562
0.0565562
0.0565562
-1.01416e-23
0.0524613
0.0524613
-2.04201e-24
0.0524613
-7.01499e-25
-4.1116e-25
0.0524613
-1.41247e-25
0.0489193
-4.47904e-26
-2.62524e-26
-1.5387e-26
0.0489193
0.0458254
-2.87688e-27
0.0458254
0.0458254
-5.7926e-28
-3.39514e-28
-1.98995e-28
-1.16634e-28
-6.83612e-29
-4.00676e-29
-2.34843e-29
0.0458254
0.0430996
-4.41333e-30
0.0430996
0.0430996
0.0430996
0.0430996
0.0406798
0.0406798
0.0406798
0.0406798
0.0406798
-1.97961e-32
-1.16028e-32
-6.40056e-33
0.0385173
0.0385173
0.0385173
0.0385173
0.0365731
-2.45075e-34
-1.43642e-34
0.0365731
0.0365731
-2.74002e-35
0.0348157
0.0348157
0.0348157
0.0348157
-1.89528e-36
0.0332195
0.0332195
0.0332195
0.0332195
-1.24543e-37
0.0332195
-4.27845e-38
-2.50767e-38
-1.46979e-38
-8.61467e-39
-5.0492e-39
-2.95942e-39
-1.65197e-39
-9.68245e-40
-5.67505e-40
-3.32625e-40
-1.94957e-40
0.0317632
-6.69737e-41
-3.92546e-41
-2.30079e-41
0.0304293
-7.54459e-42
-4.4225e-42
-2.5924e-42
0.0304293
0.0304293
0.0304293
0.0304293
0.0304293
-1.05097e-43
0.0304293
0.0292029
0.0292029
0.0292029
-7.00649e-45
0.0292029
-2.8026e-45
0.0292029
0.0280715
0.0280715
0.0280715
-0
0.0280715
0.0280715
0.0270245
0
0.0270245
0.0270245
0
0
0
0
0
0
0
0
0
0
0
0
0
0.0251485
0
0
0
0
0.0243049
0.0243049
0
0
0.0235161
0.0235161
0.0235161
0
0
0
0.0227769
0
0
0
0
0
0.0227769
0.0220827
0
0
0.0220827
0
0.0220827
0
0
0
0.0220827
0
0
0
0
0
0.0214296
0
0
0
0
0
0
0
0
0
0
0
0
0
0
0.00794903
0.000114263
1.57898e-06
0.020814
3.01186e-10
0.020814
5.57601e-14
0.0202328
1.0636e-17
1.46894e-19
0.0196831
2.72187e-23
0.0196831
0.0196831
6.9713e-29
0.0191626
0.0191626
1.83651e-34
2.53642e-36
3.50306e-38
0.0191626
6.68139e-42
0.0186688
0.0186688
0
0.0186688
0.0186688
0.0186688
0.0181999
0.0181999
0
0.00693939
9.9236e-05
0.0182011
1.89382e-08
2.61556e-10
3.61236e-12
4.86113e-14
6.71373e-16
9.27237e-18
1.28061e-19
1.76866e-21
2.44271e-23
3.37363e-25
4.65934e-27
6.27417e-29
8.66528e-31
1.19677e-32
-0.00777028
2.28277e-36
-0.00758795
4.24808e-40
-0.00758795
8.12753e-44
1.4013e-45
0
0
0.0169246
0
-0.00741398
0
0
0
-0.00741398
0
