0
0
0
0
0
0
-0.301497
-0.4
-0.31612
-0.4
-0.320191
-0.4
-0.321499
-0.4
-0.321939
-0.4
-0.322089
-0.4
-0.4
-0.4
-0.322158
-0.4
-0.322164
-0.4
-0.322166
-0.4
-0.322167
-0.4
-0.322167
-0.239194
-0.286937
-0.239194
-0.192653
-0.135274
-0.151961
-0.059732
-0.0979983
-0.011708
-0.0924131
-0.00410088
-0.0904465
-0.00141833
-0.0703398
-0.000325719
-0.0701443
-0.000111955
-0.0700771
-3.84673e-05
-2.25472e-05
-1.32156e-05
-7.74599e-06
0.0625669
0.0012471
1.58078e-05
-6.74273e-07
-5.3249e-07
-0.0575722
-1.38049e-07
-8.09132e-08
-4.74246e-08
-2.77963e-08
-1.62919e-08
-9.54895e-09
0.12468
-3.28038e-09
-1.92268e-09
-1.12692e-09
-5.28404e-10
-3.09706e-10
-1.81524e-10
0.106375
-6.23595e-11
0.106375
0.106375
0.0927572
-6.13278e-12
-3.59453e-12
0.0927572
0.0927572
0.0927572
0.0927572
0.0822302
0.0822302
0.0822302
0.0822302
-2.51508e-14
-1.28986e-14
-7.5601e-15
0.0738491
-2.59714e-15
-1.52223e-15
0.0738491
0.0670185
0.0670185
0.0670185
-9.35939e-17
0.0670185
0.0613444
0.0613444
0.0613444
-5.82654e-18
-3.41503e-18
-2.00161e-18
0.0613444
0.0613444
-3.66385e-19
0.0565562
0.0565562
0.0565562
0.0565562
-2.5343e-20
0.0524613
0.0524613
0.0524613
0.0524613
0.0524613
0.0524613
-5.09561e-22
0.0489193
0.0489193
-1.026e-22
0.0489193
0.0489193
0.0458254
0.0458254
0.0458254
0.0458254
0.0458254
0.0458254
0.0458254
0.0430996
-2.49359e-25
0.0430996
-8.56631e-26
-4.70705e-26
-2.75888e-26
-1.61703e-26
-9.47766e-27
-5.55502e-27
0.0385173
0.0385173
0.0385173
-6.17011e-28
0.0365731
0.0365731
-1.17333e-28
-6.8771e-29
-4.03078e-29
-2.36251e-29
-1.31183e-29
0.0348157
0.0348157
0.0348157
0.0348157
0.0332195
0.0332195
0.0332195
0.0332195
0.0332195
0.0317632
0.0317632
0.0317632
0.0317632
0.0304293
0.0304293
0.0304293
0.0304293
0.0304293
0.0292029
0.0292029
0.0292029
0.0292029
0.0280715
0.0280715
0.0280715
-9.6384e-36
0.0280715
0.0280715
0.0270245
0.0270245
-6.40025e-37
-3.75129e-37
0.0270245
-1.28869e-37
-7.26272e-38
-4.2568e-38
-2.49498e-38
-1.46235e-38
-8.57109e-39
-5.02366e-39
-2.94445e-39
-1.72579e-39
0.0251485
-5.70907e-40
-3.34619e-40
-1.96126e-40
0.00963042
0.0252629
1.92987e-06
2.66537e-08
0.0251485
0.0251485
7.02164e-14
0.0251485
1.33934e-17
1.78371e-19
0.0243049
3.40234e-23
4.69899e-25
6.4898e-27
8.9631e-29
1.2379e-30
0.0235161
2.27981e-34
3.14866e-36
4.34862e-38
6.00588e-40
0.0235161
0.0235161
1.4013e-45
0.0227769
0.0227769
-0
0
0
0
0
0
0
0
0
0
0
0
0.0214296
0
0
0
0
0.020814
0.020814
0
0
0
0
0.0202328
0
0.0202328
0
0
0.0202328
0.0202328
0.0196831
0
0.0196831
0
0.0196831
0
0.0191626
0.0191626
0
0
0.0191626
0
0
0
0
0
0
0
0
0
0
0
0
0
0
0
0
-0.00796159
0
-0.00796159
0
-0.00777028
0
-0.00777028
0
-0.00777028
0
-0.00758795
0
-0.00758795
0
-0.00758795
0
-0.00741398
0
-0.00741398
0
-0.00741398
0
-0.00724781
0
-0.00724781
0
0
0
0
0
0
0.00615733
0.0162465
