0
0
0
0
0
0
-0.301497
-0.4
-0.31612
-0.4
-0.320191
-0.4
-0.321499
-0.4
-0.321939
-0.4
-0.322089
-0.4
-0.4
-0.4
-0.322158
-0.4
-0.4
-0.168725
-0.0921764
-0.140947
-0.0373097
-0.022746
-0.0136531
-0.00811698
-0.0047978
-0.0028261
-0.00166128
0.114933
0.189932
0.189975
0.190028
0.190059
0.190078
0.190089
0.190095
0.150589
0.150591
0.150592
0.150592
0.150592
0.124679
-1.38023e-07
-8.08976e-08
0.106375
0.106375
-1.3031e-08
-7.63769e-09
-4.47658e-09
-2.6238e-09
-1.53785e-09
-9.0136e-10
-5.28302e-10
-3.09647e-10
-1.81489e-10
-1.06374e-10
-5.19562e-11
-3.04524e-11
-1.78487e-11
-1.04614e-11
-6.1316e-12
-3.59383e-12
0.0370866
0.0824818
0.0822337
0.0822303
0.0738491
0.0738491
0.0738491
0.0738491
0.0670185
0.0670185
0.0670185
-3.938e-15
0.0263533
0.0615655
0.0613475
7.1965e-08
9.93913e-10
1.37268e-11
1.895e-13
2.56899e-15
7.23052e-18
-1.64579e-17
-9.9321e-18
-5.82532e-18
-3.10397e-18
-1.81929e-18
-1.06632e-18
-6.24986e-19
-3.66315e-19
-2.14703e-19
-1.25841e-19
-6.76111e-20
-3.9628e-20
-2.32266e-20
-1.36135e-20
-7.97911e-21
-4.67669e-21
-2.74108e-21
0.0204383
0.000289798
4.00814e-06
0.0489194
0.0489193
0.0489193
0.0489193
0.0489193
0.0489193
0.0489193
0.0458254
0.0458254
0.0458254
-1.22608e-24
-7.2556e-25
-4.25359e-25
-2.49311e-25
-1.46125e-25
-8.56466e-26
-5.01989e-26
-2.94224e-26
-1.7245e-26
-9.47583e-27
-5.55394e-27
-3.25526e-27
-1.90796e-27
-1.11829e-27
-6.55447e-28
-3.84169e-28
-2.25168e-28
-1.31974e-28
-7.28023e-29
-4.26707e-29
-2.501e-29
-1.46588e-29
-8.59175e-30
-5.03577e-30
-2.95155e-30
-1.63384e-30
-9.57622e-31
-5.61278e-31
-3.28975e-31
-1.92817e-31
-1.13014e-31
-6.62391e-32
-3.67805e-32
-2.15577e-32
-1.26353e-32
0.0134134
0.0349653
0.0348178
0.0348158
0.0348157
0.0348157
0.0348157
0.0332195
0.0332195
0.0332195
0.0332195
0.0317632
6.26532e-25
8.65307e-27
1.19508e-28
1.65053e-30
2.27943e-32
3.14069e-34
3.90165e-36
-1.92481e-37
-1.45622e-37
-0.0136925
-5.02978e-38
-0.0136925
-1.7279e-38
-0.0131363
-5.67782e-39
-0.0131363
-1.95052e-39
-0.0131363
-6.70066e-40
-0.0126235
-2.20598e-40
-0.0126235
-7.57822e-41
-0.0126235
-2.60333e-41
-0.0121492
-8.58576e-42
-5.03206e-42
-2.94973e-42
-1.7292e-42
-1.01314e-42
-5.94151e-43
-3.47522e-43
-0.0121492
0.0270245
0.0270245
0.0270245
0.0260528
0.0260528
0.0260528
0.0260528
0.0260528
0.0260528
0.0260528
-0
-0
-0
-0
0
-0.0113001
0
0
0
0
0
-0.0326845
-0.0139614
-0.00830297
-0.0158038
-0.00289175
-0.0124266
-0.000962585
-0.011438
-0.000331203
