0
0
0
0
0
0
-0.301497
-0.4
-0.31612
-0.4
-0.4
-0.313387
-0.4
-0.319359
-0.4
-0.321225
-0.4
-0.269166
-0.4
-0.4
-0.306404
-0.4
-0.317387
-0.4
-0.320589
-0.4
-0.321632
-0.4
-0.321984
-0.4
-0.322104
-0.4
-0.4
-0.168683
-0.0920966
-0.140929
-0.0372716
-0.129792
-0.0136383
-0.0911738
-0.00241067
0.189006
-0.000831434
-0.000487737
-0.000286015
-0.000167688
-9.83017e-05
-5.76221e-05
-0.0894218
-1.9797e-05
-1.16036e-05
-0.0700443
0.150591
-1.55763e-06
0.150592
-5.35097e-07
-3.1363e-07
-1.83824e-07
0.150593
-6.31495e-08
0.150593
0.12468
-9.53637e-09
-5.58943e-09
0.12468
-1.92015e-09
-1.12543e-09
-5.27708e-10
0.106375
0.106375
0.106375
0.106375
-3.65018e-11
0.0927572
0.0927572
-6.1247e-12
0.0927572
0.0927572
0.0927572
-7.22805e-13
-4.23648e-13
-2.48307e-13
-1.45537e-13
-8.53017e-14
-4.28543e-14
0.0822302
0.0822302
-8.62873e-15
-5.05744e-15
0.0822302
0.0738491
0.0738491
-5.22246e-16
0.0738491
-1.79409e-16
0.0738491
0.0670185
0.0670185
0.0670185
-1.10309e-17
-6.4654e-18
-3.78948e-18
0.0613444
0.0613444
-6.86711e-19
0.0613444
0.0613444
0.0613444
0.0565562
0.0565562
0.0565562
0.0565562
0.0565562
-5.0961e-21
0.0565562
0.0565562
0.0524613
0.0524613
0.0524613
-1.89389e-22
-1.11004e-22
-6.00565e-23
0.0489193
0.0489193
-1.20924e-23
-7.08755e-24
-3.85741e-24
-2.26089e-24
-1.32515e-24
-7.76691e-25
-4.55231e-25
-2.66819e-25
-1.56387e-25
-9.16609e-26
0.0430996
-2.93893e-26
0.0166918
0.000251207
3.47373e-06
4.79767e-08
0.0430996
9.15132e-12
0.0430996
0.0406798
2.26014e-17
0.0406798
0.0406798
5.95409e-23
0.0385173
0.0385173
0.0385173
0.0385173
0.0385173
0.0365731
-9.5654e-31
-5.60647e-31
-3.28604e-31
-1.92601e-31
-1.12886e-31
0.014106
0.000209383
2.89478e-06
0.0348158
5.23112e-10
0.0348157
9.97811e-14
0.0348157
1.90328e-17
2.62863e-19
3.63041e-21
5.01398e-23
6.57859e-25
0.0332195
1.25483e-28
1.73304e-30
2.39238e-32
0.0332195
5.97459e-37
0.0332195
0.0332195
-7.60918e-37
-4.45993e-37
-2.61404e-37
-1.53213e-37
-8.98009e-38
-5.26338e-38
-3.08496e-38
-1.80814e-38
-1.05978e-38
-5.92922e-39
-3.47522e-39
-2.03688e-39
0.0304293
-6.69312e-40
0.0292029
0.0292029
0.0292029
0.0292029
0.0292029
0.0292029
0.0280715
-8.93328e-42
-5.23665e-42
-3.06884e-42
-1.79927e-42
0.0280715
-6.17973e-43
-3.61535e-43
-2.11596e-43
-1.1911e-43
0.0270245
0.0270245
-2.38221e-44
-1.4013e-44
-8.40779e-45
0.0270245
-2.8026e-45
-1.4013e-45
-1.4013e-45
-0
-0
-0
0.0251485
0
0
0
0
0
0
0
0
0
0
-0.0109186
0
0
0
0
0
0
-0.0109186
0.0243049
0.0243049
0.0243049
0
0
0.0235161
0.0235161
0.0235161
0
0
0.0235161
0.0227769
0
0.0227769
0
0
0
0
0
0
0
0
0
0
0
0
0
0
0
0
0
0
0
0
0
0
0
0
0
0
0
0
0
-0.00907926
0
-0.0088313
0
-0.0088313
0
-0.0088313
0
-0.00859653
0
0
-0.00859653
0.0191626
0
0
0
0
-0.00837392
0
0
-0.00837392
0
-0.00837392
0
-0.00816255
0
