0
0
0
0
0
0
-0.301497
-0.4
-0.4
-0.4
-0.221684
-0.4
-0.4
-0.302671
-0.4
-0.316415
-0.4
-0.320282
-0.4
-0.32153
-0.4
-0.4
-0.4
-0.309632
-0.4
-0.318272
-0.4
-0.4
-0.4
-0.30914
-0.4
-0.4
-0.4
-0.4
-0.4
-0.4
-0.128363
-0.0105348
-0.125238
-0.00368271
-0.124147
-0.00127282
-0.0895678
-0.000219206
-0.00012851
-0.0894396
-4.41565e-05
-2.58821e-05
-1.51703e-05
0.0624069
-3.47444e-06
-2.03643e-06
-1.19359e-06
-6.99583e-07
-4.10038e-07
-2.4033e-07
-1.40861e-07
-8.25613e-08
-4.83905e-08
-2.83625e-08
-0.0700419
-9.74345e-09
-5.7108e-09
-3.34719e-09
0.150593
-1.14987e-09
-5.05469e-10
0.12468
-1.73645e-10
-1.01776e-10
-5.96528e-11
-3.49635e-11
-2.04927e-11
-9.60888e-12
-5.63193e-12
-3.30097e-12
-1.93475e-12
-0.0488712
-6.6465e-13
0.0927572
-1.90274e-13
0.0927572
-6.53655e-14
0.0927572
-2.24552e-14
-1.31614e-14
0.0927572
0.0927572
0.0822302
-1.33134e-15
0.0822302
-4.5736e-16
-2.34558e-16
0.0738491
0.0738491
-4.72283e-17
0.0738491
-1.62245e-17
-9.50944e-18
0.0670185
-2.90383e-18
-1.70198e-18
0.0670185
0.0670185
-3.08425e-19
0.0613444
0.0613444
0.0613444
0.0613444
0.0565562
0.0565562
-6.66262e-21
0.0565562
-2.28883e-21
0.0565562
0.0524613
0.0524613
0.0524613
-1.45126e-22
0.0524613
-4.98555e-23
-2.92211e-23
-1.7127e-23
-9.26623e-24
-5.43109e-24
-3.18325e-24
0.0489193
0.0489193
0.0489193
0.0458254
0.0458254
0.0458254
0.0458254
-4.1168e-26
-2.41292e-26
0.0458254
0.0430996
-4.53453e-27
0.0430996
0.0430996
-9.13029e-28
0.0430996
-2.94052e-28
0.0406798
-1.01016e-28
-5.92074e-29
0.0406798
0.0406798
0.0385173
0.0385173
0.0385173
-2.25918e-30
0.0385173
0.0385173
0.0365731
0.0365731
0.0365731
-8.65033e-32
0.0365731
0.0365731
0.0348157
0.0348157
0.0348157
0.0348157
0.0348157
0.0332195
0.0332195
-3.72491e-34
0.0332195
0.0332195
-7.50012e-35
0.0317632
0.0317632
-1.43824e-35
-8.42976e-36
-4.94082e-36
0.0317632
0.0304293
0.0304293
0.0304293
0.0304293
0.0304293
-1.12069e-37
0.0292029
0.0292029
0.0292029
0.0292029
0.0292029
0.0280715
0.0280715
0.0280715
0.0280715
0.0280715
-2.88085e-40
0.0270245
0.0270245
0.0270245
0.0270245
0.0270245
0.0260528
-6.31845e-42
0.0260528
-2.17061e-42
0.0260528
0.0251485
0.0251485
0.0251485
0.0251485
-8.40779e-44
0.0251485
0.0243049
0.0243049
-9.80909e-45
0.0243049
-2.8026e-45
-1.4013e-45
0.0243049
-0
0.0243049
0.0235161
0.0235161
0.0235161
0
0.0235161
0
0.0227769
0.0227769
0.0227769
0
0
0.0227769
0.0227769
0
0.0220827
0.0220827
0
0.0220827
0.0220827
0.0220827
0.0214296
0
0.0214296
0
0.0214296
0.020814
0.020814
0
0
0.020814
0.020814
0.020814
0.0202328
0.0202328
0
0
0.0202328
0
0.00772426
0.000110904
1.53254e-06
0.0196832
2.83975e-10
0.0196831
0.0196831
7.48102e-16
0.0196831
0.0191626
1.91605e-21
2.64626e-23
3.65477e-25
0.00731082
0.000104746
1.4474e-06
1.99903e-08
2.76087e-10
3.71e-12
5.1239e-14
7.07664e-16
0.0186688
0.0186688
1.86426e-21
0.00712027
0.000101917
0.0186701
1.945e-08
2.61556e-10
3.61236e-12
4.98906e-14
6.89041e-16
9.51638e-18
0.017754
0.017754
0.017754
3.37363e-25
0.017754
0.017754
8.88747e-31
0.0173293
0.0173293
0.0173293
0.0173293
0.0169246
5.86724e-42
8.12753e-44
1.4013e-45
0
0
0
0
0
0
0
0
0
0
0
0
0.0161692
0
0
0
0
0.0161692
0.0161692
0
0
0
0
