0
0
0
0
0
0
-0.301497
-0.4
-0.31612
-0.4
-0.4
-0.4
-0.308833
-0.4
-0.4
-0.311924
-0.4
-0.318928
-0.4
-0.321084
-0.4
-0.321798
-0.4
-0.4
-0.4
-0.309674
-0.4
-0.318284
-0.4
-0.320875
-0.4
-0.4
-0.247047
-0.4
-0.140514
-0.0364099
-0.0221759
-0.12716
-0.00790587
-0.124816
-0.00275163
-0.00161738
-0.0896114
-0.000278745
-0.0894774
-9.58019e-05
-0.0894314
-3.29163e-05
-0.0700488
-7.53902e-06
-4.41878e-06
-2.58993e-06
-1.51801e-06
-0.0700424
-5.21486e-07
-0.0700421
-1.79148e-07
-1.05002e-07
-6.15431e-08
-3.60715e-08
-2.11421e-08
-0.057572
-5.44725e-09
-3.19272e-09
-1.87131e-09
-1.09681e-09
0.12468
-3.76789e-10
-2.20842e-10
-1.29439e-10
-7.58665e-11
-4.44666e-11
-2.60626e-11
-1.52757e-11
-8.95336e-12
0.0509097
0.000938782
1.30259e-05
0.12468
2.48416e-09
0.12468
0.106375
-9.45215e-14
-5.83976e-14
-3.42692e-14
-2.00863e-14
-1.17729e-14
-6.90032e-15
-4.04439e-15
-2.37049e-15
-1.38938e-15
0.0927572
0.0927572
0.0927572
-1.1712e-16
-6.86458e-17
-4.02344e-17
-0.0375281
-1.38218e-17
-8.10121e-18
-4.74826e-18
-2.78303e-18
-1.63118e-18
0.0822302
-5.60364e-19
-3.28439e-19
0.0738491
0.0738491
0.0738491
0.0738491
0.0738491
0.0738491
-6.82891e-21
0.0670185
0.0670185
0.0670185
0.0670185
0.0670185
-2.46095e-22
-1.4424e-22
0.0613444
-4.45962e-23
-2.61386e-23
0.0613444
-8.97946e-24
0.0613444
0.0565562
0.0565562
0.0565562
0.0565562
0.0565562
0.0565562
0.0524613
0.0524613
0.0524613
0.0524613
0.0524613
0.0489193
0.0489193
0.0489193
0.0489193
-7.29208e-28
0.0458254
-2.50507e-28
0.0458254
0.0458254
-5.04396e-29
-2.95635e-29
0.017778
0.0432754
0.043102
4.79767e-08
0.0430996
0.0430996
0.0406798
0.0406798
2.26014e-17
0.0406798
4.31111e-21
5.95409e-23
8.22323e-25
0.0157306
0.0408483
3.25663e-06
0.0385173
5.84655e-10
0.0385173
0.0385173
1.45464e-15
2.00901e-17
2.77466e-19
3.8321e-21
0.0365731
7.30954e-25
0.0365731
1.39426e-28
1.92561e-30
2.51927e-32
0.0348157
0.0348157
0.0348157
0.0348157
-1.65021e-37
0.0348157
-5.38597e-38
-3.15681e-38
0.0332195
0.0332195
-6.35624e-39
-3.7255e-39
0.0332195
0.0317632
0.0317632
0.0317632
0.0317632
0.0317632
0.0317632
-4.94154e-41
0.0304293
0.0304293
-9.498e-42
-5.56596e-42
-3.26222e-42
0.0292029
-1.07199e-42
-6.27782e-43
-3.68541e-43
-2.158e-43
-1.26117e-43
-7.42688e-44
-4.34403e-44
-2.52234e-44
-1.54143e-44
-8.40779e-45
-5.60519e-45
-2.8026e-45
0.0280715
-1.4013e-45
-0
-0
-0
-0
0
0
0.0103609
0.0261707
0.0260544
2.76789e-08
3.82274e-10
5.27961e-12
7.2917e-14
0.0260528
0.0260528
0.0260528
0.0251485
3.52835e-23
4.87303e-25
6.73016e-27
0.0251485
0.0251485
1.77299e-32
0.0251485
3.26111e-36
4.50393e-38
0.0243049
8.59136e-42
1.14906e-43
1.4013e-45
0
0
0
0
0
0
0
0
0
0
0
0
0
0.0227769
0
0
0
0
0
0
0
0
0
0.020814
0
0
0.020814
0
0
0
0
0
0
0
0
0
0
0
0
0
0
0
0
0
0
0
0.0191626
0
0
0
0
0.0191626
0
0
0.0186688
0.0186688
0.0181999
0
0
0
0
0
0.017754
0
0
0
0
0
0.0173293
0.0173293
0
0
0.0173293
0
0
0
0.0169246
0.0169246
0.0169246
0.0169246
0.0165383
0.0165383
0.0165383
0.0165383
0.0161692
0.0161692
0
0
