0
0
0
0
0
0
-0.301497
-0.4
-0.31612
-0.4
-0.320191
-0.4
-0.321499
-0.4
-0.321939
-0.4
-0.322089
-0.4
-0.4
-0.4
-0.4
-0.314758
-0.4
-0.319771
-0.4
-0.32136
-0.4
-0.321892
-0.4
-0.4
-0.168514
-0.0917804
-0.140856
-0.037121
-0.129764
-0.0135796
-0.091166
-0.0024
-0.00141018
-0.000827737
-0.000485566
-0.000284742
-0.000166941
-9.78638e-05
-5.73654e-05
-3.36248e-05
-1.97088e-05
-1.15519e-05
-6.77082e-06
-3.96852e-06
-2.32603e-06
-1.36333e-06
-7.99069e-07
-3.12232e-07
-1.83005e-07
-1.07262e-07
-6.28681e-08
-3.6848e-08
-2.15972e-08
-1.26585e-08
0.0625705
0.00124975
1.73649e-05
1.78792e-07
1.82809e-09
0.0509097
0.124923
0.124683
0.12468
0.12468
0.12468
0.12468
0.106375
0.106375
0.106375
0.106375
0.106375
-5.06113e-13
-2.96641e-13
-1.73866e-13
0.0927572
-4.97739e-14
0.0927572
-1.7099e-14
-1.0022e-14
-5.87406e-15
-2.95104e-15
-1.72966e-15
-1.01378e-15
-5.94194e-16
-3.48267e-16
-2.04125e-16
-1.19641e-16
-7.01236e-17
0.0738491
0.0738491
-1.23545e-17
0.0291671
0.0740912
6.51315e-06
0.0738492
0.0670185
0.0670185
0.0670185
0.0613444
0.0613444
4.5215e-19
-2.08188e-20
0.0613444
0.0565562
-5.07338e-21
-2.9736e-21
-1.74288e-21
-1.02153e-21
-5.98736e-22
-3.50929e-22
-2.05685e-22
-1.20556e-22
0.0565562
-4.14148e-23
0.0565562
0.0565562
0.0565562
0.0524613
0.0524613
0.0524613
0.0524613
0.0489193
0.0489193
0.0489193
-9.8272e-26
-5.75988e-26
-3.37596e-26
-1.97871e-26
0.0190156
0.000289798
3.72185e-06
5.14036e-08
7.09938e-10
9.80499e-12
1.35417e-13
1.87025e-15
2.58302e-17
3.56742e-19
4.92698e-21
6.35103e-23
0.0166918
0.0432754
0.043102
0.0406798
6.21196e-10
0.0406798
0.0406798
0.0406798
0.0406798
0.0406798
0.0406798
0.0406798
0.0385173
0.0385173
0.0385173
0.0365731
0.0365731
0.0365731
-9.12328e-34
-5.37634e-34
-3.15156e-34
-1.84719e-34
-1.02569e-34
-6.01172e-35
-3.52357e-35
-2.06522e-35
-1.21046e-35
-7.09471e-36
-4.15833e-36
-2.43727e-36
-1.42852e-36
-7.95417e-37
-4.66207e-37
-2.73252e-37
-1.60157e-37
-9.38709e-38
-5.50193e-38
-3.22477e-38
-1.89009e-38
-1.05506e-38
-6.18389e-39
-3.62448e-39
0.0317632
-1.18853e-39
0.0304293
-4.08299e-40
-2.39311e-40
-1.40264e-40
0.0292029
-4.60901e-41
-2.70142e-41
-1.58333e-41
-9.2808e-42
-5.21283e-42
-3.05483e-42
-1.79086e-42
-1.04957e-42
-6.1517e-43
-3.60134e-43
-2.11596e-43
0.0270245
-7.00649e-44
-4.06377e-44
0.0270245
0.0270245
0.0270245
0.0270245
0.0260528
0.0260528
0.0260528
0.0260528
0.0260528
0.0260528
0.0251485
0.0251485
0
0.00963042
0.000139637
1.92987e-06
2.66537e-08
3.68116e-10
5.08407e-12
7.02164e-14
9.35127e-16
1.29151e-17
1.78371e-19
2.46349e-21
3.40234e-23
4.69899e-25
6.4898e-27
8.9631e-29
1.19521e-30
1.65071e-32
2.27981e-34
3.14866e-36
4.34862e-38
6.00591e-40
8.29429e-42
1.14906e-43
1.4013e-45
0
0
0
0
0
0
0
0
0
0
0
0
0
0
0
0
0
0
0
0
0
0
0
0
0.00818727
0.000114263
1.57898e-06
0.020814
0.020814
0.020814
0.020814
0.020814
0.0202328
0.0202328
0.0202328
0.0202328
0.0196831
5.19184e-27
7.17048e-29
9.90318e-31
1.36773e-32
1.88898e-34
2.60889e-36
3.60315e-38
4.97632e-40
6.68139e-42
9.24857e-44
-0.00859653
0
-0.00859653
0
-0.00837392
0
-0.00837392
0
-0.00837392
0
