0
0
0
0
0
0
-0.301497
-0.4
-0.252287
-0.4
-0.4
-0.4
-0.4
-0.4
-0.20283
-0.4
-0.4
-0.301637
-0.4
-0.25106
-0.227055
-0.256825
-0.235221
-0.182215
-0.131614
-0.241723
-0.213515
-0.25398
-0.23121
-0.257765
-0.236538
-0.183566
-0.132819
-0.241859
-0.213715
-0.25402
-0.231266
-0.257778
-0.236556
-0.191244
-0.132835
-0.112566
-0.0314732
-0.0977727
-0.011401
-0.0923328
-0.00399129
-0.0708841
-0.000921179
-0.0703317
-0.000316934
-0.000185821
-0.0701003
-6.38552e-05
-0.0575891
-1.64542e-05
-9.64426e-06
-0.0575755
-3.31317e-06
-0.0575732
-1.13819e-06
-0.0488716
-3.12805e-07
-1.8334e-07
-1.07459e-07
-0.0488713
-3.69156e-08
-0.0488712
-1.26817e-08
-7.43297e-09
-4.35659e-09
-0.042455
-1.24719e-09
-0.042455
-4.28451e-10
-0.042455
-1.47187e-10
-0.0375281
-4.33402e-11
-2.54024e-11
-1.48888e-11
-8.72656e-12
-5.11478e-12
-2.99786e-12
-1.7571e-12
-1.02986e-12
-6.0362e-13
-3.53792e-13
-0.0375281
-1.21539e-13
-7.1236e-14
-4.17526e-14
-2.44719e-14
-1.43434e-14
-8.40691e-15
-4.92743e-15
-2.88805e-15
-1.69273e-15
-9.92139e-16
-5.81509e-16
-3.40832e-16
-1.99767e-16
-1.17087e-16
-6.86266e-17
-4.02232e-17
-2.35755e-17
-1.3818e-17
0.0822302
-4.74693e-18
0.0326535
0.0824818
0.0822337
0.0738492
1.24239e-09
0.0738491
0.0738491
0.0738491
4.51689e-17
0.0738491
0.0670185
-5.9626e-21
-3.55536e-21
-2.08469e-21
0.0670185
0.0670185
0.0670185
0.0613444
0.0613444
0.0613444
0.0613444
0.0613444
0.0613444
-8.97695e-24
0.0613444
0.0565562
0.0565562
0.0565562
-5.6449e-25
0.0565562
0.0565562
0.0524613
-6.10667e-26
0.0524613
-2.09784e-26
-1.135e-26
0.0489193
-3.89908e-27
-2.28532e-27
-1.33946e-27
0.0489193
-4.27281e-28
0.0458254
0.0458254
-8.60332e-29
-5.04255e-29
-2.95552e-29
-1.6168e-29
0.0430996
0.0430996
0.0430996
-1.90806e-30
0.0430996
0.0406798
0.0406798
-2.11105e-31
0.0406798
0.0406798
-4.25061e-32
0.0406798
0.0385173
0.0385173
0.0385173
0.0385173
-1.5318e-33
-8.97816e-34
0.0365731
0.0365731
0.0365731
0.0348157
-5.88338e-35
0.0348157
-2.02113e-35
0.0332195
0.0332195
-3.86608e-36
0.0332195
0.0332195
0.0332195
0.0317632
0.0317632
0.0317632
0.0317632
0.0317632
0.0304293
0.0304293
0.0304293
0.0304293
-3.38587e-39
0.0304293
0.0292029
0.0292029
-3.8221e-40
-2.2402e-40
0.0292029
-7.37517e-41
0.0280715
0.0280715
0.0280715
-8.70346e-42
-5.10213e-42
0.0280715
-1.75302e-42
0.0270245
-5.78736e-43
0.0270245
0.0270245
0.0270245
-6.5861e-44
0.0260528
0.0260528
0.0260528
0.0260528
0.0251485
0.0251485
0.0251485
-1.4013e-45
-0
0.0251485
0.0251485
0.0243049
0.0243049
0.0243049
0.0243049
0.0243049
0
0
0.0235161
0.0235161
0.0235161
0.0235161
0.0235161
0.0235161
0.0235161
0.0227769
0.0227769
0.0227769
0.0227769
0.0220827
0.0220827
0
0
0
0
0
0
0
0
0
0
0.0214296
0
0
0
0.020814
0
0
0.020814
0.0202328
0
0.0202328
0
0
0.0202328
0.0202328
0
0.0202328
0
0.0196831
0.0196831
0.0196831
0
0
0
0
0.0191626
0
0
0
0
0
0
0
0
0
0
0
0
0
0
0
0
0
0
0
0
0
0
0
0
0
0
0
0.017754
0
0.00676748
0.0178382
1.30266e-06
1.79913e-08
0.0173293
0.0173293
0.0173293
6.38623e-16
8.82006e-18
1.21814e-19
0.0169246
0.0169246
0.0169246
0.0169246
6.12114e-29
8.25265e-31
1.13978e-32
0.0165383
2.17407e-36
0.0165383
4.0505e-40
5.59398e-42
7.70714e-44
1.4013e-45
0
0
0
0
0
0
0
0
0
0
0
0
0.0154784
0.0154784
0.0154784
0.0154784
