0
0
0
0
0
0
-0.301497
-0.4
-0.31612
-0.4
-0.320191
-0.4
-0.4
-0.4
-0.309425
-0.4
-0.318215
-0.4
-0.320853
-0.4
-0.4
-0.314451
-0.4
-0.319678
-0.4
-0.4
-0.314178
-0.4
-0.262735
-0.4
-0.148018
-0.0518081
-0.132488
-0.0194517
-0.0116351
-0.00690265
-0.00407486
-0.00239846
-0.00140927
0.0737264
0.189916
0.189994
0.190039
-4.89063e-05
-2.86663e-05
0.0811482
0.190145
0.1901
-3.02343e-06
0.190102
-7.74799e-07
0.150593
0.150593
0.150593
0.150593
0.12468
0.12468
-1.38091e-08
-8.09374e-09
0.12468
-2.78047e-09
0.12468
-9.55181e-10
-4.47878e-10
-2.62509e-10
0.106375
-9.01804e-11
-5.28562e-11
-3.09799e-11
-1.81578e-11
-1.06426e-11
-6.23781e-12
-3.65609e-12
-1.78574e-12
-1.04665e-12
-6.13462e-13
-3.5956e-13
-2.10744e-13
-1.23521e-13
-7.23975e-14
0.0822302
-2.13179e-14
0.0822302
0.0822302
0.0822302
-2.20135e-15
-1.29025e-15
-7.56236e-16
0.0738491
-2.59792e-16
-1.52268e-16
0.0738491
0.0670185
0.0670185
-1.59733e-17
-9.36219e-18
-5.48734e-18
0.0670185
-1.88508e-18
0.0670185
-5.82828e-19
-3.41605e-19
0.0613444
-1.17353e-19
-6.87823e-20
-4.03145e-20
-2.14809e-20
-1.25903e-20
0.0565562
0.0565562
-2.53506e-21
-1.48584e-21
-7.98304e-22
-4.67899e-22
-2.74243e-22
0.0524613
0.0524613
0.0524613
-3.23648e-23
-1.75103e-23
-1.02631e-23
-6.01537e-24
0.0489193
0.0489193
-1.2112e-24
-7.09903e-25
0.0489193
-2.43875e-25
-1.42939e-25
-8.3779e-26
0.0458254
0.0458254
-1.5664e-26
-9.18093e-27
-5.3811e-27
-3.15395e-27
0.0458254
-1.08349e-27
-5.92712e-28
-3.47399e-28
0.0430996
0.0430996
0.0430996
-4.09982e-29
-2.40297e-29
-1.40842e-29
-8.25499e-30
-4.83839e-30
-2.65862e-30
-1.55826e-30
-9.13323e-31
-5.35314e-31
-3.13756e-31
-1.83898e-31
-1.07786e-31
-6.31749e-32
0.0385173
-2.0426e-32
-1.1972e-32
-7.01701e-33
0.0385173
-2.41057e-33
-1.41288e-33
-8.2811e-34
0.0365731
0.0365731
-1.57477e-34
0.0365731
0.0365731
0.0365731
0.0348157
0.0348157
0.0348157
-3.54507e-36
0.0348157
0.0348157
-6.7811e-37
-3.97452e-37
-2.32953e-37
-1.36538e-37
-8.0027e-38
-4.69051e-38
-2.74919e-38
-0.0142979
-8.99463e-39
-0.0142979
-3.08995e-39
-0.0142979
-1.0615e-39
-0.0136925
-3.48084e-40
-2.04018e-40
-0.0136925
-7.00873e-41
-0.0136925
-2.40771e-41
-0.0131363
-7.91173e-42
-0.0131363
-2.71852e-42
-0.0131363
-9.33265e-43
-5.47908e-43
-3.20897e-43
-1.87774e-43
0.0280715
-6.16571e-44
-3.64338e-44
-2.10195e-44
0.0280715
-7.00649e-45
0.0280715
0.0280715
-1.4013e-45
-1.4013e-45
0.0280715
0.0280715
0.0280715
-0
0
0
0
0
0
0
0
0
-0.0117093
0
-0.0117093
0
-0.0113001
0
-0.0113001
0
-0.0113001
0
-0.0109186
0
-0.0109186
0
-0.0109186
0
-0.010562
0
-0.010562
0
-0.010562
0
0
0
0
0
0.0227769
0
0.0227769
0
