0
0
0
0
0
0
-0.301497
-0.4
-0.31612
-0.4
-0.320191
-0.4
-0.321499
-0.4
-0.4
-0.4
-0.309627
-0.4
-0.318271
-0.4
-0.320871
-0.4
-0.321727
-0.4
-0.4
-0.314658
-0.4
-0.4
-0.313078
-0.4
-0.261774
-0.4
-0.147523
-0.0508056
-0.132297
-0.019041
-0.0113846
-0.00675222
-0.00398543
-0.0023456
-0.00137814
-0.000808905
-0.123698
-0.000278255
-0.000163137
-9.56333e-05
-2.80309e-05
-1.64298e-05
-9.62997e-06
0.1901
-3.30826e-06
0.190102
-1.1365e-06
0.150593
-2.60284e-07
-1.52557e-07
0.150593
-5.24084e-08
-2.30381e-08
0.12468
0.12468
0.12468
-2.71883e-09
0.106375
0.106375
-4.3795e-10
-2.5669e-10
-1.5045e-10
-8.81814e-11
-5.16846e-11
-3.02932e-11
-1.77553e-11
-8.67225e-12
-5.08295e-12
0.0927572
0.0927572
-1.02345e-12
-5.99863e-13
-3.5159e-13
-1.76634e-13
-1.03528e-13
-6.06795e-14
-3.55652e-14
-2.08454e-14
0.0738491
0.0738491
-3.67257e-15
0.0738491
0.0738491
0.0738491
0.0670185
0.0670185
-1.32349e-16
0.0670185
0.0670185
0.0613444
-1.40573e-17
0.0613444
0.0613444
-2.83043e-18
-1.50815e-18
-8.83952e-19
-5.18099e-19
-3.03666e-19
-1.77984e-19
-1.04319e-19
-6.11433e-20
-3.58371e-20
-1.92543e-20
0.0524613
0.0524613
-3.87686e-21
-2.27229e-21
-1.33183e-21
-7.80608e-22
0.0489193
0.0489193
-1.45085e-22
-8.50368e-23
-4.62814e-23
-2.71263e-23
-1.58992e-23
0.0458254
0.0458254
0.0430996
0.0430996
0.0430996
0.0430996
0.0430996
0.0430996
-1.13564e-25
0.0406798
0.0406798
0.0406798
0.0406798
0.0406798
0.0406798
0.0406798
0.0385173
0.0385173
0.0385173
-2.99733e-28
0.0385173
-1.02968e-28
-6.03514e-29
-3.5373e-29
-2.07327e-29
-1.21518e-29
-6.72667e-30
-3.94261e-30
-2.31083e-30
-1.35442e-30
-7.93846e-31
-4.65287e-31
-2.72712e-31
-1.51428e-31
-8.87548e-32
0.0134134
0.0349653
2.74243e-06
0.0348158
5.23112e-10
0.0348157
0.0332195
0.0332195
0.0332195
0.0332195
0.0332195
0.0317632
0.0317632
0.0317632
0.0317632
1.65051e-30
2.27864e-32
0.0317632
0.0304293
0.0304293
-1.02767e-36
-6.02788e-37
0.0304293
0.0292029
-1.16097e-37
-6.80461e-38
-3.9883e-38
-2.33761e-38
-1.37011e-38
-8.03045e-39
-4.70678e-39
0.0280715
0.0280715
0.0280715
0.0280715
-3.12005e-40
-1.75556e-40
0.0270245
-6.03091e-41
-3.53478e-41
-2.07182e-41
-1.21437e-41
-7.11719e-42
0.0103609
0.0001508
2.00409e-06
2.76789e-08
3.82274e-10
0.00998234
0.000145004
2.00409e-06
2.76789e-08
3.82274e-10
5.27961e-12
7.02164e-14
9.69762e-16
1.33934e-17
1.84977e-19
2.55473e-21
3.52835e-23
0.0243049
6.4898e-27
0.0243049
1.2379e-30
1.65071e-32
2.27981e-34
3.14866e-36
4.34862e-38
6.00591e-40
8.29429e-42
1.14906e-43
1.4013e-45
0
0
0
0.0227769
0.0220827
0
0
0
0
0
0
0
0.00844023
0.00012163
0.0220841
2.32145e-08
3.20617e-10
4.42806e-12
6.11562e-14
8.18237e-16
1.13007e-17
1.56075e-19
-0.00961942
2.97705e-23
4.11162e-25
5.67858e-27
7.60505e-29
1.05034e-30
1.45063e-32
2.00347e-34
2.767e-36
3.82152e-38
5.27792e-40
0.0202328
0.0202328
0.0202328
0
0
0
0
0
0
0
0
0.0191626
0
0
0
0
0.0186688
0
0
0
0
0
0
0
0
0
0.0181999
0
