0
0
0
0
0
0
-0.301497
-0.4
-0.31612
-0.4
-0.320191
-0.4
-0.321499
-0.4
-0.321939
-0.4
-0.322089
-0.4
-0.4
-0.4
-0.322158
-0.4
-0.322164
-0.4
-0.322166
-0.4
-0.322167
-0.4
-0.322167
-0.239194
-0.286937
-0.239194
-0.259668
-0.239194
-0.259668
-0.239194
-0.259668
-0.239194
-0.192653
-0.135274
-0.11316
-0.0322759
-0.0979983
-0.011708
-0.0924131
-0.00410088
-0.0709074
-0.000946674
-0.0703398
-0.00032572
-0.000190974
-0.0701019
-6.56264e-05
-0.0575896
-1.69107e-05
-0.0575781
-5.80953e-06
-0.0575741
-1.99578e-06
-0.0488718
-5.48496e-07
-3.21483e-07
-1.88426e-07
-0.0488713
-6.47306e-08
-0.0488712
-2.22371e-08
-0.0424551
-6.36598e-09
-0.0424551
-2.18692e-09
-0.042455
-7.51279e-10
-0.0375281
-2.21219e-10
-0.0375281
-7.5996e-11
-4.45425e-11
-2.61071e-11
-1.53018e-11
-8.96865e-12
-5.25668e-12
-3.08103e-12
-1.80584e-12
-1.05843e-12
-6.20365e-13
-3.63606e-13
-2.13116e-13
0.0822302
-7.32123e-14
-4.29109e-14
-2.51508e-14
-1.47413e-14
-8.64013e-15
-0.0336258
-2.59715e-15
-1.52223e-15
-8.92205e-16
-5.22936e-16
0.0291671
0.000470495
-0.0336194
0.0738492
1.10435e-09
1.52522e-11
2.10638e-13
0.0670185
0.0670185
-1.50217e-18
-1.16628e-18
0.0613444
-4.03023e-19
0.0613444
-1.38452e-19
-7.37719e-20
0.0565562
-2.53431e-20
-1.4854e-20
0.0565562
0.0565562
-2.99086e-21
-1.60691e-21
-9.41835e-22
0.0204383
0.0526625
0.0524641
0.0524613
0.0489193
0.0489193
0.0489193
0.0489193
0.0489193
0.0458254
0.0458254
6.67199e-23
1.62082e-25
-4.42853e-25
-2.66992e-25
0.0458254
0.0458254
0.0458254
0.0430996
0.0430996
0.0430996
0.0430996
0.0430996
0.0406798
0.0406798
0.0406798
0.0406798
0.0406798
0.0385173
0.0385173
0.0385173
0.0385173
0.0385173
0.0385173
0.0385173
0.0385173
0.0365731
0.0365731
0.0365731
0.0365731
-1.92855e-31
0.0365731
0.0348157
0.0348157
0.0348157
-1.26378e-32
0.0348157
0.0348157
0.0348157
0.0348157
0.0332195
0.0332195
-2.85287e-34
0.0332195
-9.33386e-35
-5.47073e-35
0.0317632
-1.87937e-35
0.0122139
0.000179498
0.0317652
0.0304293
0.0304293
0.0304293
0.0304293
0.0304293
0.0304293
0.0304293
0.0292029
0.0292029
0.0292029
0.0292029
0.0292029
0.0280715
0.0280715
0.0280715
0.0280715
0.0280715
0.0280715
0.0280715
0.0270245
0.0270245
0.0270245
0.0270245
-8.58716e-42
0.0270245
0.0260528
0.0260528
0.0260528
-5.7173e-43
0.0260528
0.0251485
0.0251485
0.0251485
0.0251485
0.0251485
-1.26117e-44
0.0251485
-4.2039e-45
0.0243049
0.0243049
0.0243049
-0
-0
0.0243049
0.0243049
0.0235161
0.0235161
0.0235161
0.0235161
0.0235161
0.0235161
0.0235161
0.0227769
0.0227769
0
0.0227769
0
0
0.0220827
0
0.0220827
0.0220827
0.0220827
0
0.0214296
0.0214296
0.0214296
0.0214296
0
0.0214296
0
0.020814
0.020814
0.020814
0.020814
0.020814
0.0202328
0.0202328
0.0202328
0
0
0
0
0
0.0196831
0
0
0
0
0
0
0
0
0.0191626
0
0.0191626
0
0
0
0
0
0
0
0
0
0
0.0181999
0.0181999
0
0.00693939
9.66927e-05
1.33606e-06
0.017754
0.017754
3.51974e-12
4.86113e-14
6.71373e-16
9.27237e-18
1.28061e-19
1.76866e-21
0.0173293
3.28929e-25
4.54286e-27
6.27417e-29
8.66528e-31
1.19677e-32
1.65286e-34
2.28277e-36
3.07586e-38
4.24808e-40
0.0169246
8.12753e-44
1.4013e-45
0.0169246
0
0.0169246
0.0169246
0
0
0
0
0
0
0
0
0
0
0.0165383
0
0
0
0
0
0
0
0
0.00615733
0.0162465
1.21178e-06
0.0158163
0.0158162
3.11977e-12
0.0158162
0.0158162
8.21869e-18
0.0154784
0.0154784
2.11701e-23
2.92382e-25
4.0381e-27
0.0154784
0.0154784
1.06379e-32
0.0154784
