0
0
0
0
0
0
-0.301497
-0.4
-0.31612
-0.4
-0.320191
-0.4
-0.268191
-0.4
-0.4
-0.306304
-0.4
-0.317361
-0.4
-0.32058
-0.4
-0.190944
-0.132313
-0.089852
-0.237542
-0.207322
-0.154701
-0.107953
-0.239234
-0.209837
-0.157099
-0.244835
-0.218071
-0.182079
-0.11667
-0.108836
-0.0264231
-0.0963676
-0.00948866
-0.0918341
-0.00331123
-0.0707397
-0.000763215
-0.000447686
-0.0701827
-0.000153908
-0.0700903
-5.28858e-05
-0.0575862
-1.36273e-05
-7.98733e-06
-0.0575749
-2.74394e-06
-1.60828e-06
-9.42639e-07
-5.52497e-07
-3.23828e-07
-1.89801e-07
-1.11246e-07
-6.52029e-08
-3.82165e-08
-2.23993e-08
-1.31286e-08
-7.6949e-09
-4.51011e-09
-2.64345e-09
-1.54937e-09
-9.08112e-10
-5.3226e-10
0.12468
0.12468
-1.07171e-10
-6.28145e-11
0.0509097
0.124923
1.30259e-05
1.79905e-07
2.48044e-09
3.17708e-11
0.106375
-6.94641e-13
0.0429124
0.106634
0.106379
0.106375
0.0927572
2.28547e-11
3.02115e-13
-3.75902e-15
-4.70073e-15
-2.78967e-15
-1.63555e-15
-9.58628e-16
-5.61868e-16
-2.82274e-16
-1.65446e-16
0.0822302
-5.6836e-17
-3.33125e-17
0.0822302
0.0738491
0.0738491
0.0738491
-2.01621e-18
-1.18174e-18
0.0670185
0.0670185
0.0670185
0.0670185
0.0670185
0.0670185
0.0670185
-1.31669e-20
0.0613444
0.0613444
0.0613444
-1.55389e-21
0.0613444
0.0613444
0.0565562
0.0565562
-9.77117e-23
0.0565562
0.0565562
-1.96743e-23
0.0565562
0.0524613
-3.6313e-24
-2.12837e-24
-1.24747e-24
-7.31164e-25
-4.28547e-25
0.0524613
-1.4722e-25
-8.62882e-26
0.0524613
0.0524613
-1.60377e-26
-9.39995e-27
-5.50946e-27
-3.22919e-27
-1.89268e-27
-1.10933e-27
-6.50198e-28
-3.81092e-28
-2.23364e-28
-1.30918e-28
0.017778
0.0460091
3.72185e-06
0.0458254
0.0458254
0.0458254
1.35417e-13
0.0430996
2.41082e-17
0.0430996
4.59852e-21
6.35103e-23
0.0430996
1.13571e-26
1.56819e-28
2.14569e-30
1.78257e-32
-6.67496e-33
-4.14879e-33
-2.43494e-33
0.0157306
0.000235525
3.06506e-06
4.23324e-08
0.0148741
0.000221686
3.06506e-06
0.0385173
5.52174e-10
0.0365731
1.05325e-13
1.45464e-15
0.0365731
2.77466e-19
3.8321e-21
5.01398e-23
6.92483e-25
9.56391e-27
1.32088e-28
1.82427e-30
2.51951e-32
3.47955e-34
4.79639e-36
6.0834e-38
0.0332195
-1.79589e-39
-1.05948e-39
-5.91502e-40
-3.4669e-40
-2.03201e-40
-1.19099e-40
-6.98057e-41
-4.09151e-41
-2.39804e-41
-1.4055e-41
-8.23823e-42
-4.82887e-42
-2.83062e-42
-1.58347e-42
-9.2766e-43
-5.43704e-43
-3.19496e-43
0.0292029
-1.05097e-43
-6.16571e-44
-3.64338e-44
-2.10195e-44
-1.26117e-44
-7.00649e-45
-4.2039e-45
-2.8026e-45
-1.4013e-45
-1.4013e-45
-0
-0
0.0270245
-0
0
0.0270245
0.0270245
0.0260528
0.0260528
0.0260528
0
0
0.0260528
0.0251485
0.0251485
0
0.00963042
0.000139637
1.92987e-06
0.0251485
0.0251485
4.9025e-12
6.77086e-14
9.35127e-16
1.29151e-17
1.78371e-19
2.46349e-21
3.40234e-23
4.53696e-25
6.26601e-27
8.65403e-29
1.19521e-30
1.65071e-32
2.27981e-34
3.14866e-36
-0.0102279
5.80571e-40
-0.0102279
1.10703e-43
-0.0102279
0
-0.00991434
0
-0.00991434
0
0
0.0220827
0.0220827
0
0.00844023
0.0221849
0.021431
2.24891e-08
3.10598e-10
4.28968e-12
5.92451e-14
8.18237e-16
1.13007e-17
0.0214296
2.15556e-21
0.0214296
4.11162e-25
5.67858e-27
0.020814
1.05034e-30
1.45063e-32
2.00347e-34
2.767e-36
3.82152e-38
