0
0
0
0
0
0
-0.301497
-0.4
-0.31612
-0.4
-0.320191
-0.4
-0.321499
-0.4
-0.321939
-0.4
-0.4
-0.314709
-0.4
-0.319757
-0.4
-0.4
-0.314196
-0.4
-0.319601
-0.4
-0.267641
-0.4
-0.150623
-0.0570564
-0.0355399
-0.129481
-0.0129653
-0.00770254
-0.00455086
-0.00267995
0.256799
0.257181
0.257405
0.189981
0.190032
0.190062
0.190079
0.190089
0.150587
0.150589
0.150591
0.150592
0.150592
0.124679
0.124679
0.124679
0.12468
0.12468
0.106375
0.106375
-7.24006e-09
-4.24352e-09
-2.4872e-09
-1.45779e-09
-7.12028e-10
-4.17332e-10
-2.44605e-10
-1.43367e-10
-8.40298e-11
-4.92513e-11
-2.8867e-11
-1.69194e-11
-9.91676e-12
-4.98204e-12
-2.92006e-12
0.0326535
0.0824818
7.44356e-06
1.02807e-07
1.41967e-09
0.0822302
0.0822302
0.0738491
-2.0812e-14
-1.22241e-14
0.0738491
0.0738491
0.0738491
0.0670185
-7.51636e-16
-4.40547e-16
-2.58212e-16
-1.51342e-16
-8.87042e-17
-5.1991e-17
-3.04728e-17
-1.60745e-17
-9.42156e-18
0.0613444
-2.94238e-18
-1.72458e-18
-1.0108e-18
-5.92448e-19
0.0565562
-2.03525e-19
0.0524613
-6.40912e-20
-3.75649e-20
-2.20174e-20
-1.29048e-20
-7.56371e-21
-4.43321e-21
-2.3985e-21
-1.4058e-21
-8.23965e-22
0.0190156
0.000289798
4.00814e-06
5.53577e-08
7.64549e-10
0.017778
0.000269126
3.72185e-06
0.0458254
0.0458254
0.0458254
0.0458254
0.0458254
0.0458254
0.0430996
0.0430996
6.34292e-23
8.29559e-25
-1.57763e-26
0.0430996
-9.57903e-27
-5.26477e-27
-3.08579e-27
-1.80863e-27
-1.06007e-27
-6.21324e-28
-3.64168e-28
-2.13445e-28
-1.17745e-28
-6.90121e-29
-4.04492e-29
-2.37079e-29
-0.01737
-8.14445e-30
-0.0164845
-2.64245e-30
-0.0164845
-9.07767e-31
-0.0164845
-3.11848e-31
-1.82779e-31
-1.0713e-31
-0.015685
-3.48657e-32
-0.015685
-1.19775e-32
-7.02021e-33
-4.11466e-33
-2.41167e-33
-1.41352e-33
-8.28488e-34
-4.85591e-34
-2.84613e-34
-1.66816e-34
0.0171242
-5.44415e-35
-3.19091e-35
-1.87024e-35
0.0332195
0.0332195
0.0332195
-2.20717e-36
-1.29366e-36
-7.58234e-37
-0.0142979
0.0317632
-1.45401e-37
-8.52217e-38
-4.99498e-38
-2.92764e-38
-0.0142979
-1.00574e-38
-5.89482e-39
-0.0136925
-1.93301e-39
-1.13297e-39
-6.64054e-40
-3.89213e-40
-2.28124e-40
-1.33708e-40
-7.83676e-41
0.0116912
0.0305635
0.0304311
3.27114e-08
0.0292029
0.0292029
0.0292029
0.0292029
0.0292029
0.0280715
2.87407e-21
0.0280715
5.48216e-25
7.57143e-27
1.04569e-28
1.38645e-30
1.91483e-32
2.64458e-34
3.65244e-36
5.0444e-38
6.96685e-40
9.25137e-42
1.27518e-43
1.4013e-45
-0
-0.0117093
0
-0.0113001
0
0
0
0
-0.0326845
-0.0139614
-0.0394978
-0.0185354
-0.0110763
-0.00656729
-0.00387553
-0.00228066
-0.0125289
-0.000786425
-0.000461312
-0.000270512
-0.000158596
-9.2971e-05
-5.44971e-05
-3.19435e-05
0.0251299
