0
0
0
0
0
0
-0.301497
-0.4
-0.31612
-0.4
-0.320191
-0.4
-0.321499
-0.4
-0.321939
-0.4
-0.322089
-0.4
-0.4
-0.4
-0.4
-0.314758
-0.4
-0.319771
-0.4
-0.32136
-0.4
-0.321892
-0.4
-0.322073
-0.4
-0.4
-0.168658
-0.0920495
-0.0596313
-0.0372492
-0.129788
-0.0136295
-0.12574
-0.00478932
-0.090016
-0.000830884
-0.0896166
-0.000285826
-0.000167577
-9.82365e-05
-0.089432
-3.37529e-05
-0.070049
-7.73065e-06
-4.5311e-06
-0.0700433
-1.55659e-06
-0.0700424
-5.34742e-07
-0.0575722
-1.37776e-07
-0.0575721
-4.73307e-08
-0.057572
-1.62596e-08
-9.53004e-09
-5.58572e-09
-0.0488712
-1.5351e-09
-8.99748e-10
-5.27358e-10
-3.09093e-10
-0.0488712
-1.06184e-10
-6.2236e-11
-0.0488712
-2.13801e-11
-1.25312e-11
-7.34476e-12
-0.042455
-2.10264e-12
-1.23239e-12
-0.042455
-4.23367e-13
-0.042455
-1.4544e-13
-8.5245e-14
-0.0375281
-2.5101e-14
-1.47121e-14
-8.623e-15
-0.0375281
-2.96228e-15
-0.0375281
-1.01764e-15
-5.96457e-16
-3.49593e-16
-2.04902e-16
-1.20097e-16
-7.03907e-17
-4.12572e-17
-2.41815e-17
-0.0336258
-7.26875e-18
-4.26033e-18
-2.49705e-18
-1.46356e-18
-8.57819e-19
-0.0336258
-2.94689e-19
0.0738491
-1.01235e-19
0.0738491
0.0738491
-2.03838e-20
-1.19473e-20
-7.00249e-21
0.0738491
-2.40558e-21
0.0670185
-7.34575e-22
-4.30547e-22
0.0670185
-1.33116e-22
-7.80217e-23
0.0613444
0.0613444
0.0613444
-9.2077e-24
-5.39679e-24
-3.16315e-24
0.0613444
0.0613444
-6.36901e-25
0.0565562
-1.98906e-25
-1.16582e-25
0.0565562
0.0565562
-2.34738e-26
0.0565562
0.0565562
0.0524613
0.0524613
-1.48839e-27
-8.72367e-28
-5.11309e-28
0.0524613
-1.6214e-28
-9.50328e-29
-5.57003e-29
-3.26469e-29
0.0489193
-1.12153e-29
0.0489193
0.0489193
0.0458254
0.0458254
-7.20353e-31
0.0458254
0.0458254
0.0458254
0.0430996
-4.65053e-32
0.0430996
0.0430996
0.0430996
0.0430996
0.0406798
0.0406798
0.0406798
0.0406798
-3.55902e-34
0.0385173
0.0385173
-6.74457e-35
-3.9531e-35
0.0385173
0.0385173
0.0385173
0.0365731
0.0365731
0.0365731
0.0365731
0.0365731
0.0365731
0.0365731
0.0365731
-5.81356e-38
0.0348157
0.0348157
0.0348157
0.0348157
0.0332195
0.0332195
0.0332195
0.0332195
0.0332195
0.0317632
0.0317632
0.0317632
0.0317632
-2.96991e-41
0.0317632
0.0304293
-5.70889e-42
0.0304293
0.0304293
0.0304293
0.0304293
0.0292029
0.0292029
0.0292029
0.0292029
0.0292029
0.0280715
0.0280715
0.0280715
0.0280715
0.0280715
-1.4013e-45
0.0280715
0.0280715
0.0280715
-0
0.0270245
0.0270245
0.0270245
0.0270245
0.0270245
0.0260528
0.0260528
0.0260528
0.0260528
0.0260528
0.0260528
0.0251485
0.0251485
0.0251485
0.0251485
0.0251485
0.0251485
0.0251485
0.0251485
0
0.0243049
0.0243049
0.0243049
0.0243049
0.0235161
0.0235161
0.0235161
0.0235161
0.0235161
0.0227769
0.0227769
0.0227769
0
0
0
0
0.0227769
0.0220827
0.0220827
0.0220827
0.0220827
0.0220827
0
0.0214296
0.0214296
0
0
0
0
0
0
0.020814
0
0.0202328
0
0
0
0
0.0202328
0
0.0202328
0.0202328
0.0196831
0.0196831
0.0196831
0.0196831
0.0196831
0.0191626
0
0.0191626
0.0191626
0
0
0
0
0
0
0
0
0
0
0
0
-0.00816255
0
-0.00816255
0
0
0
0
-0.00816255
0
0
-0.00796159
0
-0.00796159
0
-0.00796159
0
0
-0.00777028
0
-0.00777028
0
-0.00777028
0
-0.00758795
0
-0.00758795
0
0
0
0
0
0
0.0169246
0.0169246
0
0.0169246
0
0.0169246
0
0
0
0
0
0
0
0
0
0
0.0165383
0
0
0
0
0
0
0
0.0158162
0
0.0158162
0
0.0154784
0
0
0
0.0154784
0.0154784
0
0.0154784
0
0.0154784
0
0
0
0.0151546
0.0151546
0
