0
0
0
0
0
0
-0.301497
-0.4
-0.31612
-0.4
-0.4
-0.4
-0.308833
-0.4
-0.318049
-0.4
-0.4
-0.4
-0.309107
-0.4
-0.318126
-0.4
-0.4
-0.313826
-0.4
-0.31949
-0.4
-0.267537
-0.4
-0.150567
-0.0569435
-0.133481
-0.0215785
-0.0129364
-0.125627
-0.00454047
0.0733205
-0.000787302
-0.000461827
-0.000270814
-0.000158773
-9.30748e-05
-5.45579e-05
-3.19791e-05
-0.0894153
-1.09864e-05
-6.43941e-06
-3.77427e-06
0.0811586
0.0018675
2.52901e-05
0.150593
0.150593
-1.01966e-07
0.12468
0.12468
-1.54051e-08
0.12468
0.12468
0.106375
0.106375
0.106375
0.106375
0.106375
0.106375
0.106375
-4.91376e-11
-2.88003e-11
0.0370866
0.000626836
8.6841e-06
1.19938e-07
1.65453e-09
0.0927572
-3.68389e-13
-3.40073e-13
-2.01463e-13
0.0822302
0.0822302
-4.05751e-14
0.0822302
0.0822302
0.0738491
-4.1899e-15
-2.45577e-15
-1.43937e-15
-8.43638e-16
-4.94471e-16
0.0670185
0.0670185
0.0670185
-5.1871e-17
-3.04024e-17
0.0613444
0.0613444
0.0613444
0.0613444
-1.89265e-18
-1.10932e-18
-6.50189e-19
-3.46442e-19
-2.03055e-19
0.0565562
-6.97562e-20
-4.08853e-20
-2.19666e-20
0.0524613
-7.54624e-21
0.0524613
0.0524613
0.0524613
-8.90568e-22
0.0489193
0.0489193
0.0489193
0.0489193
0.0489193
0.0489193
0.0489193
0.0489193
0.0458254
0.0458254
-2.14065e-24
-1.25467e-24
0.0458254
0.0458254
0.0458254
0.0430996
0.0430996
-4.74756e-26
-2.78262e-26
-1.63094e-26
-8.96177e-27
0.0406798
-3.07866e-27
-1.80445e-27
0.0406798
-6.19889e-28
-3.41955e-28
-2.00426e-28
-1.17473e-28
-6.88528e-29
0.0148741
0.038679
0.0385195
4.23324e-08
5.84655e-10
8.0747e-12
0.0385173
1.45464e-15
0.0365731
2.77466e-19
3.8321e-21
5.29253e-23
6.92483e-25
9.56388e-27
1.32067e-28
1.81232e-30
1.81911e-32
-3.75719e-33
-2.28123e-33
-1.33968e-33
-7.85246e-34
-4.60246e-34
-2.69758e-34
-1.5811e-34
-9.26707e-35
-5.43158e-35
-3.18354e-35
-1.86593e-35
-1.09365e-35
-6.41007e-36
-3.57814e-36
0.0122139
0.000179498
2.48125e-06
3.42691e-08
4.73292e-10
6.53666e-12
0.0317632
1.24684e-15
1.64374e-17
0.0304293
3.13535e-21
4.33025e-23
0.0304293
8.25974e-27
1.09116e-28
1.50701e-30
2.08133e-32
2.87454e-34
3.96992e-36
5.47557e-38
7.13432e-40
-1.52335e-41
-1.4914e-41
0.0112114
0.000163902
2.1711e-06
2.99854e-08
4.14131e-10
5.71958e-12
0.0280715
0.0280715
0.0280715
2.081e-19
0.0280715
3.9694e-23
0.0270245
0.0270245
1.00387e-28
1.33312e-30
1.84118e-32
0.00998234
0.000145004
2.00409e-06
0.0260528
3.82274e-10
5.08407e-12
7.02164e-14
9.69762e-16
1.33934e-17
1.84977e-19
2.55473e-21
3.52835e-23
4.69899e-25
6.4898e-27
8.9631e-29
1.2379e-30
1.70967e-32
2.36123e-34
3.26111e-36
4.50393e-38
6.22041e-40
8.59136e-42
1.1911e-43
1.4013e-45
0.00899613
0.000130013
1.79677e-06
2.48155e-08
3.42729e-10
4.73344e-12
6.53739e-14
0.00899613
0.0236241
0.0235176
0.0227769
0.0227769
0.0227769
0.0227769
0.0227769
0.0227769
1.61109e-19
0.0220827
3.07308e-23
4.24425e-25
5.67858e-27
7.84271e-29
1.08316e-30
1.49596e-32
2.06608e-34
2.85347e-36
-0.0280527
-0.0118446
-0.0339898
-0.0157533
-0.0183492
-0.0055554
-0.00327494
-0.00192602
-0.00113113
-0.0278251
-0.0118521
-0.0158948
-0.00415235
-0.0116179
-0.00143626
-0.00984277
-0.000480038
-0.000281498
-0.000165039
-0.00916952
-5.67116e-05
-3.32415e-05
