0
0
0
0
0
0
-0.301497
-0.4
-0.31612
-0.4
-0.320191
-0.4
-0.321499
-0.4
-0.321939
-0.4
-0.322089
-0.4
-0.4
-0.4
-0.322158
-0.4
-0.322164
-0.4
-0.322166
-0.4
-0.322167
-0.4
-0.322167
-0.239194
-0.186306
-0.135274
-0.09219
-0.14095
-0.0373162
-0.0945009
-0.00694639
-0.00410087
-0.00241383
-0.00141833
-0.000832528
-0.000488379
-0.000286392
-0.000167909
-9.84313e-05
-5.76981e-05
0.0811361
0.150775
9.6218e-06
-4.3002e-06
0.150591
0.150592
0.124679
0.124679
-2.35532e-07
0.124679
0.12468
0.106375
0.106375
0.106375
0.106375
0.106375
0.106375
-1.28179e-09
0.0927572
0.0927572
0.0927572
-1.5127e-10
-8.86618e-11
-5.19662e-11
0.0927572
-1.78521e-11
0.0822302
0.0822302
0.0822302
0.0822302
0.0822302
0.0738491
0.0738491
0.0738491
0.0738491
-6.40606e-14
0.0738491
-2.20069e-14
-1.14654e-14
0.0670185
0.0670185
0.0670185
0.0670185
0.0613444
0.0613444
0.0613444
0.0613444
0.0613444
0.0565562
-2.63066e-17
-1.54188e-17
0.0565562
0.0565562
-3.10457e-18
-1.81964e-18
-1.06652e-18
0.0565562
-3.66385e-19
-2.14744e-19
-1.15376e-19
-6.76241e-20
-3.96356e-20
-2.32311e-20
0.0524613
-7.36675e-21
0.0489193
-2.53072e-21
-1.4833e-21
-8.69385e-22
0.0489193
0.0489193
0.0489193
0.0458254
0.0458254
0.0458254
0.0458254
-1.12435e-23
-6.15065e-24
-3.605e-24
-2.11295e-24
-1.23843e-24
0.0430996
-4.25443e-25
-2.33774e-25
-1.37019e-25
-8.03091e-26
-4.70705e-26
-2.75888e-26
-1.61703e-26
-9.47765e-27
-5.22825e-27
-3.06436e-27
-1.79607e-27
-1.05271e-27
-6.1701e-28
-3.6164e-28
-2.11963e-28
-1.24235e-28
-7.28163e-29
-4.03078e-29
-2.36251e-29
-1.38471e-29
-8.11599e-30
-4.75692e-30
-2.78811e-30
-1.63416e-30
-9.57806e-31
-5.61386e-31
-3.29038e-31
-1.92855e-31
-1.13035e-31
-6.62518e-32
-3.88313e-32
-2.15618e-32
-1.26377e-32
-7.40719e-33
-4.34148e-33
-2.54461e-33
-1.49144e-33
-8.74157e-34
0.0332195
-2.85287e-34
0.0332195
0.0332195
-5.74425e-35
-3.3668e-35
-1.97334e-35
0.0332195
-6.77907e-36
-3.97332e-36
-2.32883e-36
-1.29997e-36
-7.61933e-37
-4.46582e-37
-2.61749e-37
-1.53415e-37
-8.99194e-38
-5.27032e-38
-3.08902e-38
-1.72823e-38
-1.01295e-38
-5.93704e-39
-3.4798e-39
-2.03957e-39
-1.19543e-39
-7.00659e-40
-4.10667e-40
-2.407e-40
-1.41077e-40
-8.26878e-41
-4.63578e-41
-2.71712e-41
-1.59258e-41
0.0112114
0.0293326
2.26549e-06
0.0112114
0.000163902
2.1711e-06
2.99855e-08
0.0107694
0.000157078
0.0280732
2.99854e-08
4.14131e-10
0.0107694
0.028197
2.08425e-06
2.8786e-08
3.97565e-10
5.4908e-12
7.58337e-14
1.04734e-15
1.44649e-17
1.99776e-19
2.75911e-21
3.81062e-23
5.26287e-25
6.98902e-27
9.65257e-29
1.33312e-30
1.84118e-32
2.54286e-34
3.51196e-36
4.85039e-38
6.45079e-40
8.90946e-42
1.23314e-43
0.0251485
0
0
0
0.0243049
0.0243049
0
0.0235161
0.0235161
0.0235161
0.0235161
0
0.0227769
0.0227769
0.0227769
0
0
0
0
0
0
0
0
0
0
0
-0.00961942
0
0
0
-0.00961942
0
-0.00934154
0
-0.00934154
