0
0
0
0
0
0
-0.301497
-0.4
-0.4
-0.4
-0.307063
-0.4
-0.317565
-0.4
-0.320645
-0.4
-0.321651
-0.4
-0.26957
-0.4
-0.4
-0.306446
-0.4
-0.317398
-0.4
-0.320592
-0.4
-0.321633
-0.4
-0.4
-0.4
-0.4
-0.140769
-0.0369385
-0.129732
-0.0135085
-0.12572
-0.00474583
-0.00279534
-0.00164315
-0.000964715
-0.0895289
-0.000166037
-9.73339e-05
-0.0894317
-3.34427e-05
-0.0894157
0.150586
-4.48946e-06
0.150591
0.150592
-9.03962e-07
0.150592
0.150593
0.150593
-8.00108e-08
0.12468
0.12468
0.12468
-9.44246e-09
-5.53438e-09
0.106375
-1.52099e-09
-8.9148e-10
-5.22511e-10
-3.06252e-10
-1.795e-10
-1.05208e-10
-6.1664e-11
-3.61423e-11
-2.11836e-11
-1.24161e-11
0.0927572
-3.55444e-12
-2.08331e-12
-1.22107e-12
-7.15687e-13
-4.19476e-13
0.0927572
-1.23518e-13
-7.23957e-14
-4.24323e-14
0.0822302
-1.45769e-14
-7.47579e-15
-4.38168e-15
-2.56818e-15
-1.50525e-15
-8.82253e-16
-5.17103e-16
-3.03083e-16
0.0738491
-1.04119e-16
0.0738491
-3.57683e-17
-2.09644e-17
0.0738491
-6.40173e-18
0.0670185
-2.1992e-18
-1.28899e-18
-7.55499e-19
0.0670185
0.0670185
-1.36908e-19
0.0613444
-4.70323e-20
-2.75664e-20
0.0613444
-9.46998e-21
0.0613444
0.0613444
-1.90678e-21
0.0565562
0.0565562
0.0565562
0.0565562
0.0565562
0.0565562
0.0565562
0.0565562
0.0524613
0.0524613
-4.45599e-24
0.0524613
0.0524613
-8.97216e-25
-5.25873e-25
-3.08223e-25
0.0524613
0.0489193
0.0489193
0.0489193
0.0489193
0.0489193
-6.27779e-27
0.0458254
0.0458254
0.0458254
0.0458254
0.0430996
-2.37546e-28
0.0430996
0.0430996
0.0430996
0.0430996
-1.54042e-29
0.0406798
-5.29185e-30
-3.10164e-30
-1.81792e-30
-1.06552e-30
-6.24517e-31
0.0385173
-2.01922e-31
-1.1835e-31
0.0385173
-4.0657e-32
0.0385173
0.0385173
0.0385173
0.0365731
-2.65603e-33
0.0365731
-9.12432e-34
-5.34792e-34
-3.1345e-34
0.0365731
0.0365731
-6.31133e-35
0.0348157
-2.05404e-35
-1.2039e-35
-7.05629e-36
-4.13581e-36
-2.42407e-36
0.0348157
0.0348157
-4.88086e-37
-2.71772e-37
-1.5929e-37
0.0332195
-5.47213e-38
0.0332195
0.0332195
-1.10182e-38
0.0332195
-3.7851e-39
0.0317632
0.0317632
0.0317632
-4.25426e-40
0.0317632
0.0317632
-8.566e-41
-5.02071e-41
0.0304293
-1.64639e-41
0.0304293
-5.65564e-42
-3.31547e-42
-1.9436e-42
-1.13926e-42
-6.38992e-43
-3.74147e-43
-0.0131363
-1.28919e-43
-0.0131363
-4.48416e-44
-2.52234e-44
-0.0126235
-8.40779e-45
-0.0126235
-2.8026e-45
-1.4013e-45
-1.4013e-45
-0
-0
-0
-0
0.0141123
0
0.0270245
0
0
0.0270245
0.0270245
0
0
0.0270245
0
0
0
0.0260528
0.0260528
0
0
0
0
0.0260528
0
0
0
0
0
-0.0113001
0
-0.0113001
0
-0.0109186
0
-0.0109186
0
-0.0109186
0
0
-0.010562
0
0
-0.010562
0
-0.010562
0
-0.0102279
0
-0.0102279
0
0
-0.0102279
0
0
0
0
0
0
0.0116529
0
0
0
0
0.0220827
0
0.0220827
0
0.0220827
0
0
0.0220827
