0
0
0
0
0
0
-0.301497
-0.4
-0.31612
-0.4
-0.320191
-0.4
-0.321499
-0.4
-0.321939
-0.4
-0.322089
-0.4
-0.4
-0.4
-0.322158
-0.4
-0.322164
-0.4
-0.322166
-0.4
-0.322167
-0.4
-0.192652
-0.135273
-0.0921896
-0.14095
-0.037316
-0.1298
-0.0136556
-0.0911761
-0.00241382
0.080145
0.00104018
-0.000462295
-0.00028603
0.189974
-9.84307e-05
-5.76978e-05
0.190078
0.190089
0.150586
0.150589
-2.66102e-06
-1.55967e-06
0.150592
0.150592
0.124679
0.124679
0.12468
0.12468
0.12468
-1.62918e-08
0.106375
-4.47741e-09
0.106375
0.106375
0.106375
0.106375
0.0927572
-1.51269e-10
0.0927572
0.0927572
0.0927572
0.0927572
0.0822302
0.0822302
0.0822302
0.0822302
0.0822302
0.0822302
0.0822302
0.0738491
-1.09296e-13
0.0738491
0.0738491
-2.20068e-14
-1.28985e-14
0.0670185
-3.93873e-15
-2.30856e-15
0.0670185
-7.93064e-16
-4.64828e-16
-2.72444e-16
-1.59684e-16
-9.35933e-17
-5.48566e-17
-2.89371e-17
-1.69605e-17
-9.94085e-18
-5.8265e-18
-3.41501e-18
-2.00159e-18
-1.17317e-18
0.0240347
0.000376574
5.21055e-06
7.1965e-08
9.93913e-10
0.0565562
1.72349e-13
2.38031e-15
3.28661e-17
0.0565562
3.27987e-21
-1.66637e-21
-1.02625e-21
-6.02188e-22
-3.23549e-22
0.0524613
0.0524613
-6.51466e-23
-3.81835e-23
0.0524613
0.0524613
-7.68826e-24
0.0489193
0.0489193
0.0489193
0.0489193
0.0489193
-2.8772e-25
-1.68638e-25
0.0458254
0.0458254
0.0458254
-1.72482e-26
-1.01094e-26
-5.92531e-27
-3.47292e-27
-2.03554e-27
-1.19306e-27
-6.99274e-28
-4.09856e-28
-2.40224e-28
-1.40799e-28
-8.25247e-29
-4.83691e-29
-2.65781e-29
-1.55778e-29
-9.13043e-30
-5.3515e-30
-3.1366e-30
-1.83842e-30
-1.07753e-30
-6.31556e-31
-3.70165e-31
-2.04198e-31
-1.19684e-31
-7.01486e-32
-4.11153e-32
-2.40983e-32
-1.41244e-32
-8.27857e-33
-4.85221e-33
-2.84396e-33
-1.66689e-33
-9.22716e-34
0.0365731
0.0365731
-1.85789e-34
-1.08894e-34
0.0365731
-3.74087e-35
-2.19259e-35
-1.28511e-35
-7.13582e-36
-4.18242e-36
-2.45139e-36
-1.4368e-36
-8.42132e-37
-4.93587e-37
-2.74835e-37
-1.61085e-37
-9.44148e-38
-5.53381e-38
-3.24346e-38
-1.90104e-38
-1.11423e-38
-6.53071e-39
-3.82776e-39
-2.24351e-39
-0.0149594
-7.7072e-40
-4.51732e-40
-2.52159e-40
-1.47795e-40
-8.66255e-41
0.0317632
-2.9758e-41
-1.7442e-41
-9.75864e-42
0.0304293
0.0304293
0.0304293
0.0304293
0.0292029
-3.78351e-43
-2.21405e-43
-1.30321e-43
0.0280715
0.0280715
-2.52234e-44
-1.4013e-44
-8.40779e-45
-5.60519e-45
-2.8026e-45
-1.4013e-45
-1.4013e-45
-0
-0
-0
-0.0117093
0
-0.0117093
0
-0.0117093
0
0
0
-0.0113001
0
-0.0113001
0
-0.0113001
0
-0.0109186
0
-0.0109186
0
-0.0109186
0
-0.010562
0
0
-0.010562
0
0
-0.010562
0
-0.0102279
0
0
0
0
