0
0
0
0
0
0
-0.301497
-0.4
-0.31612
-0.4
-0.320191
-0.4
-0.321499
-0.4
-0.321939
-0.4
-0.322089
-0.4
-0.4
-0.4
-0.322158
-0.4
-0.322164
-0.4
-0.322166
-0.4
-0.4
-0.168732
-0.0921886
-0.14095
-0.0373155
-0.129799
-0.0136554
-0.00811835
-0.00479861
-0.00282658
-0.00166156
0.189726
-0.000286386
0.189974
-0.0894495
0.190059
-3.38191e-05
0.190089
-1.16186e-05
-6.80995e-06
-3.99146e-06
-2.33947e-06
-9.14137e-07
-5.35792e-07
-3.14037e-07
-1.84062e-07
-1.07882e-07
-6.32314e-08
-3.7061e-08
-2.17221e-08
-1.27317e-08
-7.46224e-09
-4.37374e-09
-1.92264e-09
-1.12689e-09
-6.60491e-10
-3.87125e-10
0.12468
0.12468
-7.79477e-11
0.106375
-2.14221e-11
0.106375
0.106375
0.106375
-2.52812e-12
0.106375
0.0927572
0.0927572
0.0927572
-1.45726e-13
0.0927572
0.0927572
-2.51502e-14
0.0822302
-8.63993e-15
-5.06401e-15
-2.9681e-15
-1.73965e-15
-1.01964e-15
-5.97627e-16
0.0822302
-2.05305e-16
-1.05291e-16
0.0738491
0.0738491
0.0738491
0.0738491
0.0738491
0.0738491
-2.22396e-18
0.0670185
0.0670185
-4.47795e-19
-2.6246e-19
-1.38449e-19
-8.11473e-20
0.0613444
-2.78767e-20
0.0565562
-8.70598e-21
-5.10272e-21
-2.99079e-21
0.0565562
-9.41814e-22
0.0524613
-3.23544e-22
-1.89635e-22
-1.11148e-22
0.0524613
-3.8183e-23
0.0524613
-1.21081e-23
-7.09675e-24
-4.15953e-24
-2.43797e-24
0.0489193
-8.37522e-25
-4.90885e-25
-2.87716e-25
-1.5659e-25
-9.17799e-26
-5.37937e-26
-3.15294e-26
-1.84799e-26
-1.08314e-26
-6.34845e-27
-3.72093e-27
-2.1809e-27
-1.27826e-27
0.017778
0.000269126
3.72185e-06
5.14036e-08
7.09938e-10
0.0430996
1.26389e-13
1.74557e-15
2.41082e-17
0.0430996
4.59852e-21
5.95409e-23
8.22322e-25
0.0406798
1.56484e-28
1.94936e-30
-9.72429e-32
0.0406798
-4.36786e-32
-2.40979e-32
-1.41242e-32
0.0385173
0.0385173
0.0385173
-1.66687e-33
-9.76979e-34
0.0148741
0.000221686
2.89478e-06
3.99806e-08
5.52174e-10
7.6261e-12
1.05325e-13
1.45464e-15
2.00901e-17
2.77466e-19
3.8321e-21
5.29253e-23
6.92483e-25
9.56391e-27
1.32088e-28
1.82427e-30
2.5195e-32
3.47912e-34
4.7717e-36
4.40449e-38
-1.02713e-38
-6.51858e-39
-0.0149594
0.0332195
-0.0142979
-7.34009e-40
-4.30214e-40
0.0164232
-1.47792e-40
0.0317632
0.0304293
-2.84057e-41
0.0116912
0.000171346
2.36847e-06
3.27114e-08
4.51779e-10
6.23954e-12
-0.0131363
1.13842e-15
-0.0131363
2.17147e-19
2.99903e-21
4.14198e-23
5.72051e-25
7.90063e-27
-0.0131363
1.50701e-30
0.0280715
2.75477e-34
3.80462e-36
5.25459e-38
7.25713e-40
1.00221e-41
1.33123e-43
1.4013e-45
0
0.0270245
0
0
0
0.0103609
0.0271461
0.0260544
0.0260528
0.0260528
0.0260528
7.2917e-14
1.00706e-15
0.0260528
1.84977e-19
2.55473e-21
3.52835e-23
4.87303e-25
6.73016e-27
9.29506e-29
1.2379e-30
1.70967e-32
-0.0109186
3.26111e-36
-0.0109186
6.22041e-40
-0.010562
1.14906e-43
-0.010562
0
-0.010562
0
0
0
-0.0102279
