0
0
0
0
0
0
-0.301497
-0.4
-0.4
-0.310629
-0.4
-0.318555
-0.4
-0.320963
-0.4
-0.4
-0.314477
-0.4
-0.4
-0.24246
-0.4
-0.4
-0.304061
-0.4
-0.4
-0.156439
-0.0685914
-0.135819
-0.0265524
-0.127906
-0.00953723
-0.0906318
-0.00167118
-0.089829
-0.000575683
0.189842
-0.000197953
-0.000116047
-6.80254e-05
-3.98736e-05
0.190086
0.190093
0.190098
-4.70609e-06
0.150591
0.150592
0.150592
0.150593
-2.17017e-07
-1.27197e-07
0.0625705
0.00124971
1.73418e-05
2.24872e-07
-5.48526e-09
-5.11108e-09
0.12468
0.12468
-7.78747e-10
-4.56437e-10
-2.67525e-10
0.106375
-7.3523e-11
0.106375
0.106375
-1.48039e-11
0.106375
0.0927572
-2.48397e-12
0.0927572
-8.53325e-13
0.0927572
-2.93145e-13
-1.47272e-13
-8.63185e-14
-5.05927e-14
-2.96532e-14
-1.73803e-14
-1.01869e-14
-5.97069e-15
-3.49952e-15
-0.0336258
-1.05192e-15
-6.1655e-16
-3.6137e-16
-0.0336258
-1.24143e-16
-7.2762e-17
-4.2647e-17
-2.49961e-17
0.0291671
0.0672501
0.0670217
0.0670185
1.10435e-09
0.0670185
0.0670185
0.0613444
0.0613444
0.0613444
-4.91796e-20
0.0613444
-1.92631e-20
-1.12912e-20
0.0613444
0.0613444
-2.06681e-21
0.0565562
-7.10015e-22
-4.16152e-22
-2.43914e-22
-1.31048e-22
-7.68096e-23
0.0524613
-2.63866e-23
-1.54656e-23
-9.06466e-24
-5.31295e-24
0.0524613
-1.82517e-24
-1.06976e-24
-6.27007e-25
-3.67499e-25
-2.15397e-25
-1.16537e-25
-6.8304e-26
0.0489193
-2.34647e-26
-1.3753e-26
-8.06088e-27
0.0489193
-2.57138e-27
-1.50713e-27
0.0458254
-5.17748e-28
-3.03461e-28
-1.77863e-28
0.0458254
-6.11019e-29
-3.58128e-29
-2.09905e-29
0.0458254
-7.21092e-30
-4.22644e-30
-2.47719e-30
-1.35513e-30
-7.94262e-31
-4.6553e-31
0.0430996
0.0430996
-9.37347e-32
0.0430996
-3.22009e-32
-1.88735e-32
-1.10621e-32
0.0430996
-3.56267e-33
0.0406798
0.0406798
-7.17345e-34
0.0406798
-2.46432e-34
0.0406798
-8.46573e-35
0.0148741
0.000221686
0.0385195
4.23324e-08
5.52174e-10
7.6261e-12
1.05325e-13
1.45464e-15
2.00901e-17
2.77466e-19
3.63041e-21
5.01398e-23
6.92483e-25
9.56391e-27
1.32088e-28
1.82427e-30
2.51951e-32
3.47966e-34
4.5629e-36
0.0332195
-3.78421e-41
-5.20577e-40
-3.12002e-40
-1.82965e-40
-1.0724e-40
-6.28552e-41
-3.68401e-41
-0.0142979
-1.20526e-41
-7.06395e-42
-0.0142979
-2.42705e-42
-1.42232e-42
-8.33773e-43
0.0122139
0.000179498
0.0304311
0.0304293
4.51779e-10
0.0304293
8.61746e-14
0.0304293
0.0304293
0.0292029
0.0292029
4.14198e-23
5.72051e-25
7.90063e-27
1.09116e-28
1.50701e-30
2.08133e-32
2.75477e-34
3.80462e-36
-0.0126235
7.25714e-40
1.00235e-41
-0.0126235
1.4013e-45
-0.0121492
0
-0.0121492
0
0
0
-0.0121492
0
-0.0117093
0
-0.0117093
0
-0.0117093
0
-0.0113001
0
-0.0113001
0
0
0
0
0
0.0251485
0.0251485
0.0251485
0
0.0251485
0.0243049
0.0243049
0.0243049
0
0
0
0
0
-0.010562
0
0
