0
0
0
0
0
0
-0.301497
-0.4
-0.31612
-0.4
-0.320191
-0.4
-0.321499
-0.4
-0.321939
-0.4
-0.322089
-0.4
-0.4
-0.4
-0.322158
-0.4
-0.322164
-0.4
-0.322166
-0.4
-0.322167
-0.4
-0.322167
-0.239194
-0.286937
-0.239194
-0.192653
-0.135274
-0.0921901
-0.14095
-0.0373162
-0.0227501
-0.0136557
-0.00811852
-0.0904465
-0.00141833
-0.000832529
-0.00048838
-0.000286392
-0.000167909
-9.84314e-05
-5.76982e-05
-3.38199e-05
-1.32156e-05
0.150586
0.150589
-2.66104e-06
-1.55968e-06
0.150592
0.124679
0.124679
0.124679
0.12468
0.12468
0.106375
0.106375
0.106375
0.106375
0.106375
0.106375
0.106375
-4.40337e-10
0.0927572
0.0927572
0.0927572
0.0927572
-3.04583e-11
-1.78521e-11
-1.04634e-11
0.0822302
-3.08102e-12
-1.80584e-12
-1.05843e-12
0.0822302
-3.63606e-13
-2.13116e-13
-1.24911e-13
0.0822302
-3.7547e-14
0.0738491
0.0738491
-7.5601e-15
-4.4311e-15
-2.30857e-15
-1.35309e-15
0.0670185
0.0670185
0.0670185
0.0670185
0.0613444
0.0613444
0.0613444
0.0613444
0.0613444
0.0565562
0.0565562
0.0565562
0.0565562
0.0565562
0.0524613
0.0524613
0.0524613
-6.76242e-20
-3.96356e-20
0.0524613
0.0524613
0.0489193
-4.31778e-21
-2.53072e-21
-1.4833e-21
-8.69385e-22
0.0190156
0.000289798
0.048922
5.53577e-08
0.0489193
9.80499e-12
1.35417e-13
1.87025e-15
0.0458254
0.0458254
0.0458254
0.0458254
1.51277e-25
-4.13329e-25
-2.49192e-25
0.0430996
-8.56631e-26
-5.02086e-26
-2.94281e-26
-1.72483e-26
-1.01095e-26
-5.92535e-27
0.0430996
-1.90833e-27
-1.1185e-27
-6.55574e-28
-3.84243e-28
-2.25211e-28
0.0385173
-7.28164e-29
-4.26789e-29
-2.50148e-29
-1.46616e-29
-8.59341e-30
-5.03674e-30
-2.95212e-30
-1.63416e-30
-9.57807e-31
-5.61387e-31
-3.29038e-31
-1.92855e-31
-1.13035e-31
-6.62519e-32
-3.88314e-32
-2.27597e-32
-1.26377e-32
-7.40719e-33
-4.34148e-33
0.0348157
-1.49144e-33
-8.74158e-34
-5.12359e-34
0.0348157
-1.67211e-34
-9.80054e-35
-5.74426e-35
-3.36681e-35
-1.97334e-35
-1.15661e-35
0.0317632
-3.78412e-36
-2.21794e-36
0.0122139
0.000179498
0.0304311
0.0304293
0.0304293
0.0304293
8.61746e-14
1.19016e-15
1.64374e-17
2.27018e-19
0.0292029
4.14198e-23
5.72051e-25
7.90063e-27
1.09116e-28
1.50701e-30
2.08133e-32
2.87454e-34
3.96996e-36
5.47841e-38
6.99675e-40
-5.23945e-42
-8.80716e-42
-5.24086e-42
-3.07305e-42
-1.80067e-42
-1.05518e-42
-6.19374e-43
-3.47522e-43
-2.0459e-43
-1.1911e-43
-7.00649e-44
-4.06377e-44
-2.38221e-44
-1.4013e-44
-8.40779e-45
0.0260528
0.0260528
-1.4013e-45
-1.4013e-45
0.0251485
-0
-0
-0
0
0
0
0
0
0
0
0
0
0
0
0
0
0
0
0
0
0
0
0
0
0
0
0
0
0
0
0
0.0220827
0.0214296
0.0214296
0.0214296
0
0.0214296
0.0214296
0
0.020814
0.020814
0.020814
0
0
0
