0
0
0
0
0
0
-0.301497
-0.4
-0.4
-0.4
-0.4
-0.4
-0.303483
-0.4
-0.4
-0.310964
-0.4
-0.318651
-0.4
-0.320994
-0.4
-0.321768
-0.4
-0.32203
-0.4
-0.32212
-0.4
-0.322151
-0.4
-0.4
-0.31476
-0.4
-0.263249
-0.4
-0.148284
-0.0523471
-0.132591
-0.0196731
-0.0117703
-0.00698383
-0.00412313
-0.124216
-0.00142608
-0.0895872
-0.000245678
0.0738444
-8.44325e-05
-4.94916e-05
-2.90094e-05
0.190091
-9.96614e-06
-5.84138e-06
-2.28251e-06
0.0625695
0.00124897
1.69079e-05
-2.94875e-08
-1.5457e-07
-9.2492e-08
-5.42373e-08
-3.17897e-08
0.12468
-8.19062e-09
-4.80066e-09
0.12468
-1.64918e-09
-9.66614e-10
-5.66549e-10
-3.32064e-10
-1.55702e-10
0.106375
-5.34889e-11
0.106375
0.106375
0.106375
-5.2604e-12
0.0927572
0.0927572
-1.05918e-12
0.0927572
-3.63864e-13
0.0822302
0.0822302
-6.27978e-14
-3.68068e-14
0.0822302
-1.26443e-14
-7.41106e-15
-4.34375e-15
-2.54594e-15
-1.49222e-15
-7.65288e-16
-4.48548e-16
-2.62902e-16
0.0738491
0.0738491
0.0738491
-3.10263e-17
0.0738491
0.0670185
0.0670185
-3.25472e-18
0.0670185
0.0670185
-6.55338e-19
-3.84105e-19
0.0613444
-1.18757e-19
-6.96056e-20
0.0565562
0.0565562
0.0565562
-7.46771e-21
0.0565562
0.0565562
-1.37832e-21
0.0524613
0.0524613
-2.77526e-22
0.0524613
-9.53393e-23
0.0524613
0.0489193
-1.77199e-23
-1.03859e-23
0.0489193
0.0489193
-2.09121e-24
-1.22569e-24
0.0489193
0.0489193
-2.29166e-25
-1.34318e-25
-7.87259e-26
0.0458254
-2.70449e-26
-1.58515e-26
0.0458254
-5.08247e-27
0.0430996
-1.746e-27
-1.02336e-27
-5.99807e-28
0.0430996
0.0406798
0.0406798
0.0406798
0.0406798
-2.27975e-29
0.0406798
-7.371e-30
0.0385173
0.0385173
0.0385173
0.0385173
0.0365731
0.0365731
-1.65421e-31
0.0365731
0.0365731
0.0365731
0.0348157
0.0348157
0.0348157
0.0348157
0.0348157
-1.27928e-33
-7.4981e-34
0.0332195
-2.44705e-34
0.0332195
0.0332195
-4.69252e-35
-2.75036e-35
-1.61203e-35
0.0317632
-5.53786e-36
0.0317632
-1.81596e-36
0.0304293
0.0304293
0.0304293
-2.1431e-37
0.0304293
0.0292029
-4.12753e-38
0.0292029
0.0292029
0.0292029
0.0280715
0.0280715
0.0280715
-9.39929e-40
-5.50908e-40
-3.22897e-40
-1.89255e-40
0.0280715
-6.50146e-41
-3.81069e-41
-2.23353e-41
-1.30909e-41
0.0270245
0.0270245
-2.53075e-42
-1.48257e-42
-8.68805e-43
-5.10073e-43
0.0260528
-1.68156e-43
-9.80909e-44
-5.74532e-44
0.0260528
0.0251485
-1.12104e-44
0.0251485
-4.2039e-45
-2.8026e-45
0.0251485
-1.4013e-45
0.0251485
-0
-0
-0
0
0
0
0.0243049
0.0243049
0.0235161
0
0.0235161
0.0235161
0.0235161
0.0235161
0
0.0227769
0
0
0
0
0
0
0
0
0
0
0
0
0
0
0
0
-0.00961942
0
-0.00961942
0
0
-0.00961942
0.020814
0
0.020814
0
0
-0.00934154
0
0
-0.00907926
0
0
0
0
0.0196831
0
0.0196831
0.0196831
0.0196831
0
0
0
0
0
0
0
-0.00859653
0
0
0
0
0
0
0
0
0
0
0
0
0
0
0
0
0
0
0
0
0
0
0
0
0
0
0.017754
0
0
0
0
0
0.0173293
0
0.0173293
0
