0
0
0
0
0
0
-0.301497
-0.4
-0.31612
-0.4
-0.4
-0.4
-0.308833
-0.4
-0.4
-0.311924
-0.4
-0.318928
-0.4
-0.321084
-0.4
-0.321798
-0.4
-0.322041
-0.4
-0.322124
-0.4
-0.322152
-0.4
-0.4
-0.4
-0.322165
-0.4
-0.192651
-0.135271
-0.15196
-0.0597302
-0.13403
-0.0227493
-0.092413
-0.00410073
-0.00241375
-0.00141828
-0.000832499
-0.000488363
-0.000286382
-0.0894794
-9.84279e-05
-5.76961e-05
-3.38187e-05
-0.0894158
-1.16185e-05
-6.80986e-06
-0.0700433
-1.55963e-06
-9.14125e-07
-5.35784e-07
-3.14032e-07
-1.8406e-07
-1.0788e-07
0.0625705
0.00124972
1.73457e-05
2.27152e-07
-3.11182e-09
-3.24594e-09
0.12468
0.12468
0.12468
0.12468
-1.81518e-10
-1.06391e-10
0.106375
-3.65486e-11
0.106375
0.106375
0.106375
0.106375
0.106375
0.0927572
-7.23733e-13
0.0927572
0.0927572
0.0927572
0.0927572
0.0822302
0.0822302
0.0822302
0.0822302
-5.06394e-15
-2.96806e-15
0.0822302
-8.92172e-16
0.0738491
-3.0649e-16
-1.79639e-16
0.0738491
0.0738491
0.0738491
0.0670185
-1.10451e-17
-6.4737e-18
-3.79434e-18
-2.22393e-18
-1.30348e-18
-7.63992e-19
-4.47789e-19
0.0613444
0.0613444
-8.11461e-20
-4.75611e-20
0.0613444
0.0613444
0.0613444
0.0565562
0.0565562
0.0565562
-1.02742e-21
0.0565562
0.0565562
0.0524613
0.0524613
0.0524613
-3.52453e-23
-2.06579e-23
0.0489193
0.0489193
-4.15947e-24
0.0489193
-1.42891e-24
-8.3751e-25
0.0489193
0.0458254
0.0458254
-9.17786e-26
0.0430996
0.0430996
0.0430996
0.0430996
0.0430996
0.0406798
0.0406798
0.0406798
0.0406798
0.0406798
0.0385173
0.0385173
-7.28138e-29
-4.26774e-29
-2.50139e-29
0.0385173
0.0365731
-4.75675e-30
-2.78801e-30
-1.6341e-30
0.0365731
0.0348157
0.0348157
-1.82698e-31
-1.07082e-31
0.0348157
0.0348157
-2.15611e-32
-1.26373e-32
0.0348157
-4.34133e-33
-2.4173e-33
-1.41682e-33
-8.30421e-34
-4.86724e-34
-2.85277e-34
-1.67205e-34
0.0332195
-5.74406e-35
0.0317632
0.0317632
0.0317632
0.0317632
-3.78399e-36
-2.21786e-36
-1.29992e-36
0.0304293
-4.26268e-37
-2.49843e-37
-1.46437e-37
-8.58292e-38
0.0292029
-2.82032e-38
-1.65303e-38
0.0292029
-5.67871e-39
-3.32839e-39
0.0292029
-1.09577e-39
-6.42249e-40
0.0280715
-2.20633e-40
-1.29317e-40
-7.57948e-41
-4.4424e-41
-2.60375e-41
0.0280715
0.0270245
-5.03346e-42
-2.94973e-42
-1.7292e-42
0.0270245
-5.94151e-43
-3.47522e-43
-2.0459e-43
-1.1911e-43
0.0270245
0.0270245
-2.38221e-44
-1.4013e-44
-8.40779e-45
-4.2039e-45
-2.8026e-45
-1.4013e-45
-1.4013e-45
-0
0.0260528
-0
-0
0
0
0
0.0251485
0
0
0
0.0243049
0.0243049
0
0.00930248
0.000134654
0.0243065
0.0235161
0.0235161
0.0235161
0.0235161
0.0235161
0.0235161
1.7222e-19
2.37854e-21
3.17552e-23
4.38572e-25
6.05715e-27
8.36556e-29
1.15537e-30
1.59569e-32
2.20381e-34
2.94552e-36
4.06807e-38
5.61844e-40
7.75899e-42
1.06499e-43
1.4013e-45
0
0
0
0
0
0
0
0
0
0
-0.00961942
0
0
0.020814
0
0
0
0
0
0
0
0.020814
0
0.0202328
0
0
0
0
0
0
0
0.0196831
0
0
0
0
0
0
0
0
0
0
0
0
0
0
0
0
0
0
0
0
0
0
0.0181999
0
0
0
0
0.017754
0.017754
0
0
0
0
0.0173293
