0
0
0
0
0
0
-0.301497
-0.4
-0.31612
-0.4
-0.26446
-0.4
-0.4
-0.305933
-0.4
-0.317262
-0.4
-0.187498
-0.12629
-0.0851472
-0.237129
-0.206706
-0.252663
-0.22934
-0.257338
-0.23594
-0.258876
-0.238091
-0.259397
-0.238817
-0.19245
-0.134923
-0.0919122
-0.10373
-0.0194982
-0.0944813
-0.00691969
-0.0911692
-0.00240444
-0.0014128
-0.0703386
-0.000324445
-0.0701439
-0.000111517
-6.53695e-05
-3.83168e-05
-2.2459e-05
0.0540023
-5.78679e-06
-0.0575741
-1.98797e-06
-1.16519e-06
-6.82935e-07
-4.0028e-07
-2.34611e-07
-1.37509e-07
-8.05966e-08
-4.7239e-08
-2.76876e-08
-1.29825e-08
-7.60927e-09
-4.45992e-09
-2.61403e-09
-1.53213e-09
0.106375
-5.26336e-10
-2.57079e-10
-1.50678e-10
-8.83149e-11
-5.17629e-11
0.0927572
0.0927572
-1.04225e-11
0.0370866
0.0930155
8.6841e-06
0.0822303
0.0822302
0.0822302
0.0822302
-1.05596e-13
-6.37648e-14
0.0738491
-2.19208e-14
0.0738491
0.0670185
0.0670185
-2.29954e-15
-1.3478e-15
-7.89966e-16
-4.63012e-16
-2.71379e-16
-1.5906e-16
-9.32277e-17
0.0670185
0.0670185
0.0613444
0.0613444
0.0613444
-3.40167e-18
-1.99377e-18
0.0613444
0.0565562
0.0565562
0.0565562
0.0565562
0.0565562
0.0565562
0.0565562
0.0565562
0.0524613
0.0524613
0.0524613
0.0524613
0.0524613
0.0489193
0.0489193
0.0489193
0.0489193
0.0489193
0.0489193
0.0489193
0.0458254
0.0458254
-3.84738e-24
-2.10468e-24
-1.23359e-24
-7.23027e-25
-4.23778e-25
-2.48384e-25
-1.45582e-25
-8.53279e-26
-5.00121e-26
-2.93129e-26
-1.71808e-26
-1.00699e-26
-5.53328e-27
-3.24315e-27
-1.90086e-27
-1.11413e-27
-6.53008e-28
-3.82739e-28
0.0406798
0.0406798
-7.70646e-29
-4.51689e-29
-2.49169e-29
-1.46042e-29
-8.55978e-30
-5.01703e-30
-2.94056e-30
-1.72351e-30
-1.01018e-30
-5.92083e-31
-3.4703e-31
-2.034e-31
-1.19216e-31
-6.98746e-32
-4.09546e-32
-2.40042e-32
-1.40693e-32
-7.78811e-33
-4.56474e-33
-2.67547e-33
0.014106
0.000209383
2.89478e-06
3.99806e-08
5.52174e-10
0.0348157
0.0348157
0.0348157
0.0348157
2.62863e-19
0.0348157
0.0332195
0.0332195
9.08572e-27
0.0332195
1.73306e-30
2.39351e-32
0.0317632
4.25857e-36
7.55539e-39
-2.994e-38
-1.8023e-38
-1.05701e-38
-6.19542e-39
-3.63124e-39
-2.12833e-39
-1.19075e-39
-6.97917e-40
0.0116912
0.000171346
0.0304311
0.0304293
4.51779e-10
6.23954e-12
8.24279e-14
0.0292029
1.57227e-17
2.17147e-19
2.99903e-21
4.14198e-23
5.72051e-25
7.57143e-27
1.04569e-28
1.44421e-30
1.99461e-32
2.75477e-34
0.0280715
0.0280715
7.25706e-40
1.00179e-41
1.30321e-43
0.0270245
-1.4013e-45
-0
-0
-0
-0
0.0260528
0
0
0
0
0
0
0
0
0
0
0
0
0
0
0
0
0
0
0.0243049
0.0243049
0.0235161
0
0
0
0.0235161
0.0227769
0.0227769
0
0
0
0
0
0
0
0
0
0
0
0
0
0
-0.00961942
0
0
0
0
0
0
0
-0.00934154
0
-0.00934154
0
0
-0.00934154
0
-0.00907926
0
-0.00907926
0
-0.00907926
