0
0
0
0
0
0
-0.301497
-0.4
-0.31612
-0.4
-0.320191
-0.4
-0.321499
-0.4
-0.321939
-0.4
-0.322089
-0.4
-0.4
-0.4
-0.322158
-0.4
-0.322164
-0.4
-0.4
-0.314763
-0.4
-0.319773
-0.4
-0.4
-0.166872
-0.0886852
-0.140152
-0.0356559
-0.129502
-0.0130103
-0.00772961
-0.0903959
-0.00134928
-0.0897476
-0.000464551
-0.000272412
-0.00015971
-9.36244e-05
-0.0894308
-3.2168e-05
-0.0700487
-7.36763e-06
-4.31832e-06
-2.53105e-06
-1.4835e-06
-8.69503e-07
-5.09631e-07
0.150593
0.150593
-1.02614e-07
0.150593
-3.52514e-08
-2.06614e-08
0.0625705
0.00124975
1.73633e-05
2.37445e-07
0.12468
-5.93924e-10
-0.057572
-2.15815e-10
-1.26496e-10
0.12468
-4.34557e-11
0.12468
0.12468
0.12468
-5.12841e-12
-3.00585e-12
0.106375
-8.26086e-13
0.106375
-2.83788e-13
0.106375
-9.74903e-14
0.106375
-3.34911e-14
-1.96297e-14
-9.58774e-15
-5.61954e-15
0.0927572
-1.9305e-15
-1.1315e-15
-6.63188e-16
-3.33176e-16
-1.9528e-16
-1.14457e-16
-6.70851e-17
-3.93197e-17
-0.0375281
-1.35076e-17
-6.92741e-18
-4.06027e-18
-2.37979e-18
-1.39484e-18
0.0738491
-4.79172e-19
-2.8085e-19
0.0738491
-8.57612e-20
-5.02661e-20
0.0670185
-1.7268e-20
-1.01211e-20
-5.93214e-21
-3.12923e-21
-1.83409e-21
0.0613444
-6.30072e-22
-3.69296e-22
-1.96773e-22
0.0565562
0.0565562
0.0565562
-2.12869e-23
-1.24766e-23
0.0524613
0.0524613
0.0524613
-1.47243e-24
0.0524613
0.0489193
0.0489193
-1.60401e-25
0.0489193
-5.51031e-26
-3.22968e-26
-1.89297e-26
0.0489193
-6.03848e-27
-3.53925e-27
0.0458254
0.0458254
-7.12629e-28
-4.17684e-28
-2.28491e-28
-1.33922e-28
0.0430996
-4.60067e-29
-2.69653e-29
-1.4817e-29
0.0406798
0.0406798
-2.98341e-30
0.0406798
-1.0249e-30
0.0406798
0.0406798
0.0406798
0.0406798
0.0385173
0.0385173
0.0385173
-1.34346e-32
-7.87424e-33
0.0365731
-2.55478e-33
0.0365731
0.0365731
0.0365731
0.0365731
0.0348157
-9.81243e-35
0.0348157
0.0348157
-1.97573e-35
-1.10011e-35
0.0332195
-3.77924e-36
0.0332195
-1.29829e-36
-7.60951e-37
0.0332195
0.0332195
0.0317632
0.0317632
0.0317632
-2.93814e-38
0.0317632
0.0304293
-5.64704e-39
-3.30982e-39
-1.93994e-39
0.0304293
0.0304293
-3.90608e-40
-2.18988e-40
-1.28352e-40
0.0292029
-4.40933e-41
-2.58441e-41
-1.5148e-41
-8.87863e-42
-5.20302e-42
-2.92311e-42
-1.71379e-42
-1.00473e-42
-5.88545e-43
-3.44719e-43
0.0270245
-1.13505e-43
-6.72623e-44
-3.92364e-44
-2.24208e-44
0.0260528
-7.00649e-45
-4.2039e-45
-2.8026e-45
-1.4013e-45
-1.4013e-45
-0.0117093
-0
-0
-0
0
0
0
0
0.0243049
0
0
0.0243049
0
0
0.0235161
0
0
0
0
0
0
0
0
0.0220827
0
0
0
0
0
0
0
0
0
0
0
0
0
0.0214296
0
0
0
0.020814
0.020814
0.020814
0.020814
0.0202328
0
0
0
0
0
0
0
0
0
0
0
0
0
0
0
0
0
0
0
0
-0.00859653
0
0.0191626
0
0
-0.00859653
0.0191626
